0.000000	0.000000
0.002000	0.001974
0.004000	0.003948
0.006000	0.005922
0.008000	0.007895
0.010000	0.009869
0.012000	0.011843
0.014000	0.013816
0.016000	0.015790
0.018000	0.017763
0.020000	0.019736
0.022000	0.021709
0.024000	0.023681
0.026000	0.025654
0.028000	0.027626
0.030000	0.029598
0.032000	0.031569
0.034000	0.033541
0.036000	0.035512
0.038000	0.037482
0.040000	0.039452
0.042000	0.041422
0.044000	0.043392
0.046000	0.045361
0.048000	0.047329
0.050000	0.049297
0.052000	0.051265
0.054000	0.053232
0.056000	0.055199
0.058000	0.057165
0.060000	0.059130
0.062000	0.061095
0.064000	0.063059
0.066000	0.065023
0.068000	0.066986
0.070000	0.068948
0.072000	0.070910
0.074000	0.072871
0.076000	0.074831
0.078000	0.076790
0.080000	0.078749
0.082000	0.080707
0.084000	0.082664
0.086000	0.084621
0.088000	0.086576
0.090000	0.088531
0.092000	0.090485
0.094000	0.092438
0.096000	0.094390
0.098000	0.096341
0.100000	0.098291
0.102000	0.100240
0.104000	0.102188
0.106000	0.104135
0.108000	0.106081
0.110000	0.108026
0.112000	0.109970
0.114000	0.111913
0.116000	0.113855
0.118000	0.115796
0.120000	0.117735
0.122000	0.119674
0.124000	0.121611
0.126000	0.123547
0.128000	0.125481
0.130000	0.127415
0.132000	0.129347
0.134000	0.131278
0.136000	0.133208
0.138000	0.135136
0.140000	0.137063
0.142000	0.138989
0.144000	0.140913
0.146000	0.142836
0.148000	0.144758
0.150000	0.146678
0.152000	0.148597
0.154000	0.150514
0.156000	0.152430
0.158000	0.154344
0.160000	0.156256
0.162000	0.158168
0.164000	0.160077
0.166000	0.161985
0.168000	0.163892
0.170000	0.165796
0.172000	0.167699
0.174000	0.169601
0.176000	0.171501
0.178000	0.173399
0.180000	0.175295
0.182000	0.177190
0.184000	0.179083
0.186000	0.180974
0.188000	0.182863
0.190000	0.184751
0.192000	0.186637
0.194000	0.188521
0.196000	0.190403
0.198000	0.192283
0.200000	0.194161
0.202000	0.196037
0.204000	0.197912
0.206000	0.199784
0.208000	0.201655
0.210000	0.203523
0.212000	0.205390
0.214000	0.207254
0.216000	0.209117
0.218000	0.210977
0.220000	0.212835
0.222000	0.214691
0.224000	0.216546
0.226000	0.218397
0.228000	0.220247
0.230000	0.222095
0.232000	0.223940
0.234000	0.225783
0.236000	0.227624
0.238000	0.229463
0.240000	0.231299
0.242000	0.233134
0.244000	0.234965
0.246000	0.236795
0.248000	0.238622
0.250000	0.240447
0.252000	0.242270
0.254000	0.244090
0.256000	0.245907
0.258000	0.247723
0.260000	0.249535
0.262000	0.251346
0.264000	0.253154
0.266000	0.254959
0.268000	0.256762
0.270000	0.258562
0.272000	0.260360
0.274000	0.262155
0.276000	0.263948
0.278000	0.265738
0.280000	0.267525
0.282000	0.269310
0.284000	0.271092
0.286000	0.272871
0.288000	0.274648
0.290000	0.276422
0.292000	0.278193
0.294000	0.279962
0.296000	0.281727
0.298000	0.283490
0.300000	0.285251
0.302000	0.287008
0.304000	0.288763
0.306000	0.290514
0.308000	0.292263
0.310000	0.294009
0.312000	0.295752
0.314000	0.297492
0.316000	0.299229
0.318000	0.300964
0.320000	0.302695
0.322000	0.304423
0.324000	0.306148
0.326000	0.307871
0.328000	0.309590
0.330000	0.311306
0.332000	0.313019
0.334000	0.314729
0.336000	0.316436
0.338000	0.318140
0.340000	0.319840
0.342000	0.321538
0.344000	0.323232
0.346000	0.324923
0.348000	0.326611
0.350000	0.328296
0.352000	0.329977
0.354000	0.331655
0.356000	0.333330
0.358000	0.335002
0.360000	0.336670
0.362000	0.338335
0.364000	0.339997
0.366000	0.341655
0.368000	0.343310
0.370000	0.344961
0.372000	0.346609
0.374000	0.348254
0.376000	0.349895
0.378000	0.351533
0.380000	0.353167
0.382000	0.354798
0.384000	0.356426
0.386000	0.358049
0.388000	0.359670
0.390000	0.361286
0.392000	0.362900
0.394000	0.364509
0.396000	0.366115
0.398000	0.367718
0.400000	0.369316
0.402000	0.370911
0.404000	0.372503
0.406000	0.374091
0.408000	0.375675
0.410000	0.377255
0.412000	0.378832
0.414000	0.380405
0.416000	0.381974
0.418000	0.383539
0.420000	0.385101
0.422000	0.386659
0.424000	0.388213
0.426000	0.389763
0.428000	0.391309
0.430000	0.392852
0.432000	0.394390
0.434000	0.395925
0.436000	0.397456
0.438000	0.398982
0.440000	0.400505
0.442000	0.402024
0.444000	0.403539
0.446000	0.405050
0.448000	0.406557
0.450000	0.408060
0.452000	0.409559
0.454000	0.411054
0.456000	0.412545
0.458000	0.414032
0.460000	0.415514
0.462000	0.416993
0.464000	0.418468
0.466000	0.419938
0.468000	0.421404
0.470000	0.422866
0.472000	0.424324
0.474000	0.425778
0.476000	0.427227
0.478000	0.428673
0.480000	0.430114
0.482000	0.431550
0.484000	0.432983
0.486000	0.434411
0.488000	0.435835
0.490000	0.437255
0.492000	0.438670
0.494000	0.440081
0.496000	0.441488
0.498000	0.442890
0.500000	0.444288
0.502000	0.445682
0.504000	0.447071
0.506000	0.448456
0.508000	0.449836
0.510000	0.451212
0.512000	0.452584
0.514000	0.453950
0.516000	0.455313
0.518000	0.456671
0.520000	0.458024
0.522000	0.459373
0.524000	0.460718
0.526000	0.462058
0.528000	0.463393
0.530000	0.464724
0.532000	0.466050
0.534000	0.467372
0.536000	0.468689
0.538000	0.470001
0.540000	0.471309
0.542000	0.472612
0.544000	0.473910
0.546000	0.475204
0.548000	0.476493
0.550000	0.477777
0.552000	0.479057
0.554000	0.480332
0.556000	0.481602
0.558000	0.482867
0.560000	0.484128
0.562000	0.485384
0.564000	0.486635
0.566000	0.487881
0.568000	0.489122
0.570000	0.490359
0.572000	0.491591
0.574000	0.492818
0.576000	0.494040
0.578000	0.495257
0.580000	0.496469
0.582000	0.497676
0.584000	0.498879
0.586000	0.500076
0.588000	0.501269
0.590000	0.502457
0.592000	0.503639
0.594000	0.504817
0.596000	0.505990
0.598000	0.507158
0.600000	0.508320
0.602000	0.509478
0.604000	0.510631
0.606000	0.511778
0.608000	0.512921
0.610000	0.514059
0.612000	0.515191
0.614000	0.516318
0.616000	0.517441
0.618000	0.518558
0.620000	0.519670
0.622000	0.520777
0.624000	0.521879
0.626000	0.522975
0.628000	0.524067
0.630000	0.525153
0.632000	0.526234
0.634000	0.527310
0.636000	0.528381
0.638000	0.529447
0.640000	0.530507
0.642000	0.531562
0.644000	0.532612
0.646000	0.533656
0.648000	0.534696
0.650000	0.535730
0.652000	0.536758
0.654000	0.537782
0.656000	0.538800
0.658000	0.539813
0.660000	0.540820
0.662000	0.541822
0.664000	0.542819
0.666000	0.543811
0.668000	0.544797
0.670000	0.545777
0.672000	0.546753
0.674000	0.547722
0.676000	0.548687
0.678000	0.549646
0.680000	0.550600
0.682000	0.551548
0.684000	0.552491
0.686000	0.553428
0.688000	0.554360
0.690000	0.555286
0.692000	0.556207
0.694000	0.557123
0.696000	0.558033
0.698000	0.558937
0.700000	0.559836
0.702000	0.560729
0.704000	0.561617
0.706000	0.562499
0.708000	0.563376
0.710000	0.564247
0.712000	0.565113
0.714000	0.565973
0.716000	0.566827
0.718000	0.567676
0.720000	0.568520
0.722000	0.569357
0.724000	0.570189
0.726000	0.571016
0.728000	0.571836
0.730000	0.572652
0.732000	0.573461
0.734000	0.574265
0.736000	0.575063
0.738000	0.575855
0.740000	0.576642
0.742000	0.577423
0.744000	0.578199
0.746000	0.578968
0.748000	0.579732
0.750000	0.580491
0.752000	0.581243
0.754000	0.581990
0.756000	0.582731
0.758000	0.583466
0.760000	0.584196
0.762000	0.584920
0.764000	0.585638
0.766000	0.586350
0.768000	0.587056
0.770000	0.587757
0.772000	0.588452
0.774000	0.589141
0.776000	0.589824
0.778000	0.590501
0.780000	0.591173
0.782000	0.591839
0.784000	0.592498
0.786000	0.593152
0.788000	0.593801
0.790000	0.594443
0.792000	0.595079
0.794000	0.595710
0.796000	0.596335
0.798000	0.596954
0.800000	0.597566
0.802000	0.598173
0.804000	0.598775
0.806000	0.599370
0.808000	0.599959
0.810000	0.600542
0.812000	0.601120
0.814000	0.601691
0.816000	0.602257
0.818000	0.602817
0.820000	0.603370
0.822000	0.603918
0.824000	0.604460
0.826000	0.604996
0.828000	0.605525
0.830000	0.606049
0.832000	0.606567
0.834000	0.607079
0.836000	0.607585
0.838000	0.608085
0.840000	0.608579
0.842000	0.609067
0.844000	0.609549
0.846000	0.610024
0.848000	0.610494
0.850000	0.610958
0.852000	0.611416
0.854000	0.611868
0.856000	0.612313
0.858000	0.612753
0.860000	0.613187
0.862000	0.613614
0.864000	0.614036
0.866000	0.614451
0.868000	0.614861
0.870000	0.615264
0.872000	0.615661
0.874000	0.616052
0.876000	0.616437
0.878000	0.616816
0.880000	0.617189
0.882000	0.617556
0.884000	0.617917
0.886000	0.618271
0.888000	0.618620
0.890000	0.618962
0.892000	0.619299
0.894000	0.619629
0.896000	0.619953
0.898000	0.620271
0.900000	0.620583
0.902000	0.620889
0.904000	0.621188
0.906000	0.621482
0.908000	0.621769
0.910000	0.622050
0.912000	0.622325
0.914000	0.622594
0.916000	0.622857
0.918000	0.623114
0.920000	0.623364
0.922000	0.623608
0.924000	0.623847
0.926000	0.624079
0.928000	0.624304
0.930000	0.624524
0.932000	0.624738
0.934000	0.624945
0.936000	0.625146
0.938000	0.625341
0.940000	0.625530
0.942000	0.625713
0.944000	0.625889
0.946000	0.626060
0.948000	0.626224
0.950000	0.626382
0.952000	0.626533
0.954000	0.626679
0.956000	0.626818
0.958000	0.626952
0.960000	0.627079
0.962000	0.627200
0.964000	0.627314
0.966000	0.627423
0.968000	0.627525
0.970000	0.627621
0.972000	0.627711
0.974000	0.627795
0.976000	0.627872
0.978000	0.627943
0.980000	0.628008
0.982000	0.628067
0.984000	0.628120
0.986000	0.628167
0.988000	0.628207
0.990000	0.628241
0.992000	0.628269
0.994000	0.628291
0.996000	0.628306
0.998000	0.628315
1.000000	0.628319
1.002000	0.628315
1.004000	0.628306
1.006000	0.628291
1.008000	0.628269
1.010000	0.628241
1.012000	0.628207
1.014000	0.628167
1.016000	0.628120
1.018000	0.628067
1.020000	0.628008
1.022000	0.627943
1.024000	0.627872
1.026000	0.627795
1.028000	0.627711
1.030000	0.627621
1.032000	0.627525
1.034000	0.627423
1.036000	0.627314
1.038000	0.627200
1.040000	0.627079
1.042000	0.626952
1.044000	0.626818
1.046000	0.626679
1.048000	0.626533
1.050000	0.626382
1.052000	0.626224
1.054000	0.626060
1.056000	0.625889
1.058000	0.625713
1.060000	0.625530
1.062000	0.625341
1.064000	0.625146
1.066000	0.624945
1.068000	0.624738
1.070000	0.624524
1.072000	0.624304
1.074000	0.624079
1.076000	0.623847
1.078000	0.623608
1.080000	0.623364
1.082000	0.623114
1.084000	0.622857
1.086000	0.622594
1.088000	0.622325
1.090000	0.622050
1.092000	0.621769
1.094000	0.621482
1.096000	0.621188
1.098000	0.620889
1.100000	0.620583
1.102000	0.620271
1.104000	0.619953
1.106000	0.619629
1.108000	0.619299
1.110000	0.618962
1.112000	0.618620
1.114000	0.618271
1.116000	0.617917
1.118000	0.617556
1.120000	0.617189
1.122000	0.616816
1.124000	0.616437
1.126000	0.616052
1.128000	0.615661
1.130000	0.615264
1.132000	0.614861
1.134000	0.614451
1.136000	0.614036
1.138000	0.613614
1.140000	0.613187
1.142000	0.612753
1.144000	0.612313
1.146000	0.611868
1.148000	0.611416
1.150000	0.610958
1.152000	0.610494
1.154000	0.610024
1.156000	0.609549
1.158000	0.609067
1.160000	0.608579
1.162000	0.608085
1.164000	0.607585
1.166000	0.607079
1.168000	0.606567
1.170000	0.606049
1.172000	0.605525
1.174000	0.604996
1.176000	0.604460
1.178000	0.603918
1.180000	0.603370
1.182000	0.602817
1.184000	0.602257
1.186000	0.601691
1.188000	0.601120
1.190000	0.600542
1.192000	0.599959
1.194000	0.599370
1.196000	0.598775
1.198000	0.598173
1.200000	0.597566
1.202000	0.596954
1.204000	0.596335
1.206000	0.595710
1.208000	0.595079
1.210000	0.594443
1.212000	0.593801
1.214000	0.593152
1.216000	0.592498
1.218000	0.591839
1.220000	0.591173
1.222000	0.590501
1.224000	0.589824
1.226000	0.589141
1.228000	0.588452
1.230000	0.587757
1.232000	0.587056
1.234000	0.586350
1.236000	0.585638
1.238000	0.584920
1.240000	0.584196
1.242000	0.583466
1.244000	0.582731
1.246000	0.581990
1.248000	0.581243
1.250000	0.580491
1.252000	0.579732
1.254000	0.578968
1.256000	0.578199
1.258000	0.577423
1.260000	0.576642
1.262000	0.575855
1.264000	0.575063
1.266000	0.574265
1.268000	0.573461
1.270000	0.572652
1.272000	0.571836
1.274000	0.571016
1.276000	0.570189
1.278000	0.569357
1.280000	0.568520
1.282000	0.567676
1.284000	0.566827
1.286000	0.565973
1.288000	0.565113
1.290000	0.564247
1.292000	0.563376
1.294000	0.562499
1.296000	0.561617
1.298000	0.560729
1.300000	0.559836
1.302000	0.558937
1.304000	0.558033
1.306000	0.557123
1.308000	0.556207
1.310000	0.555286
1.312000	0.554360
1.314000	0.553428
1.316000	0.552491
1.318000	0.551548
1.320000	0.550600
1.322000	0.549646
1.324000	0.548687
1.326000	0.547722
1.328000	0.546753
1.330000	0.545777
1.332000	0.544797
1.334000	0.543811
1.336000	0.542819
1.338000	0.541822
1.340000	0.540820
1.342000	0.539813
1.344000	0.538800
1.346000	0.537782
1.348000	0.536758
1.350000	0.535730
1.352000	0.534696
1.354000	0.533656
1.356000	0.532612
1.358000	0.531562
1.360000	0.530507
1.362000	0.529447
1.364000	0.528381
1.366000	0.527310
1.368000	0.526234
1.370000	0.525153
1.372000	0.524067
1.374000	0.522975
1.376000	0.521879
1.378000	0.520777
1.380000	0.519670
1.382000	0.518558
1.384000	0.517441
1.386000	0.516318
1.388000	0.515191
1.390000	0.514059
1.392000	0.512921
1.394000	0.511778
1.396000	0.510631
1.398000	0.509478
1.400000	0.508320
1.402000	0.507158
1.404000	0.505990
1.406000	0.504817
1.408000	0.503639
1.410000	0.502457
1.412000	0.501269
1.414000	0.500076
1.416000	0.498879
1.418000	0.497676
1.420000	0.496469
1.422000	0.495257
1.424000	0.494040
1.426000	0.492818
1.428000	0.491591
1.430000	0.490359
1.432000	0.489122
1.434000	0.487881
1.436000	0.486635
1.438000	0.485384
1.440000	0.484128
1.442000	0.482867
1.444000	0.481602
1.446000	0.480332
1.448000	0.479057
1.450000	0.477777
1.452000	0.476493
1.454000	0.475204
1.456000	0.473910
1.458000	0.472612
1.460000	0.471309
1.462000	0.470001
1.464000	0.468689
1.466000	0.467372
1.468000	0.466050
1.470000	0.464724
1.472000	0.463393
1.474000	0.462058
1.476000	0.460718
1.478000	0.459373
1.480000	0.458024
1.482000	0.456671
1.484000	0.455313
1.486000	0.453950
1.488000	0.452584
1.490000	0.451212
1.492000	0.449836
1.494000	0.448456
1.496000	0.447071
1.498000	0.445682
1.500000	0.444288
1.502000	0.442890
1.504000	0.441488
1.506000	0.440081
1.508000	0.438670
1.510000	0.437255
1.512000	0.435835
1.514000	0.434411
1.516000	0.432983
1.518000	0.431550
1.520000	0.430114
1.522000	0.428673
1.524000	0.427227
1.526000	0.425778
1.528000	0.424324
1.530000	0.422866
1.532000	0.421404
1.534000	0.419938
1.536000	0.418468
1.538000	0.416993
1.540000	0.415514
1.542000	0.414032
1.544000	0.412545
1.546000	0.411054
1.548000	0.409559
1.550000	0.408060
1.552000	0.406557
1.554000	0.405050
1.556000	0.403539
1.558000	0.402024
1.560000	0.400505
1.562000	0.398982
1.564000	0.397456
1.566000	0.395925
1.568000	0.394390
1.570000	0.392852
1.572000	0.391309
1.574000	0.389763
1.576000	0.388213
1.578000	0.386659
1.580000	0.385101
1.582000	0.383539
1.584000	0.381974
1.586000	0.380405
1.588000	0.378832
1.590000	0.377255
1.592000	0.375675
1.594000	0.374091
1.596000	0.372503
1.598000	0.370911
1.600000	0.369316
1.602000	0.367718
1.604000	0.366115
1.606000	0.364509
1.608000	0.362900
1.610000	0.361286
1.612000	0.359670
1.614000	0.358049
1.616000	0.356426
1.618000	0.354798
1.620000	0.353167
1.622000	0.351533
1.624000	0.349895
1.626000	0.348254
1.628000	0.346609
1.630000	0.344961
1.632000	0.343310
1.634000	0.341655
1.636000	0.339997
1.638000	0.338335
1.640000	0.336670
1.642000	0.335002
1.644000	0.333330
1.646000	0.331655
1.648000	0.329977
1.650000	0.328296
1.652000	0.326611
1.654000	0.324923
1.656000	0.323232
1.658000	0.321538
1.660000	0.319840
1.662000	0.318140
1.664000	0.316436
1.666000	0.314729
1.668000	0.313019
1.670000	0.311306
1.672000	0.309590
1.674000	0.307871
1.676000	0.306148
1.678000	0.304423
1.680000	0.302695
1.682000	0.300964
1.684000	0.299229
1.686000	0.297492
1.688000	0.295752
1.690000	0.294009
1.692000	0.292263
1.694000	0.290514
1.696000	0.288763
1.698000	0.287008
1.700000	0.285251
1.702000	0.283490
1.704000	0.281727
1.706000	0.279962
1.708000	0.278193
1.710000	0.276422
1.712000	0.274648
1.714000	0.272871
1.716000	0.271092
1.718000	0.269310
1.720000	0.267525
1.722000	0.265738
1.724000	0.263948
1.726000	0.262155
1.728000	0.260360
1.730000	0.258562
1.732000	0.256762
1.734000	0.254959
1.736000	0.253154
1.738000	0.251346
1.740000	0.249535
1.742000	0.247723
1.744000	0.245907
1.746000	0.244090
1.748000	0.242270
1.750000	0.240447
1.752000	0.238622
1.754000	0.236795
1.756000	0.234965
1.758000	0.233134
1.760000	0.231299
1.762000	0.229463
1.764000	0.227624
1.766000	0.225783
1.768000	0.223940
1.770000	0.222095
1.772000	0.220247
1.774000	0.218397
1.776000	0.216546
1.778000	0.214691
1.780000	0.212835
1.782000	0.210977
1.784000	0.209117
1.786000	0.207254
1.788000	0.205390
1.790000	0.203523
1.792000	0.201655
1.794000	0.199784
1.796000	0.197912
1.798000	0.196037
1.800000	0.194161
1.802000	0.192283
1.804000	0.190403
1.806000	0.188521
1.808000	0.186637
1.810000	0.184751
1.812000	0.182863
1.814000	0.180974
1.816000	0.179083
1.818000	0.177190
1.820000	0.175295
1.822000	0.173399
1.824000	0.171501
1.826000	0.169601
1.828000	0.167699
1.830000	0.165796
1.832000	0.163892
1.834000	0.161985
1.836000	0.160077
1.838000	0.158168
1.840000	0.156256
1.842000	0.154344
1.844000	0.152430
1.846000	0.150514
1.848000	0.148597
1.850000	0.146678
1.852000	0.144758
1.854000	0.142836
1.856000	0.140913
1.858000	0.138989
1.860000	0.137063
1.862000	0.135136
1.864000	0.133208
1.866000	0.131278
1.868000	0.129347
1.870000	0.127415
1.872000	0.125481
1.874000	0.123547
1.876000	0.121611
1.878000	0.119674
1.880000	0.117735
1.882000	0.115796
1.884000	0.113855
1.886000	0.111913
1.888000	0.109970
1.890000	0.108026
1.892000	0.106081
1.894000	0.104135
1.896000	0.102188
1.898000	0.100240
1.900000	0.098291
1.902000	0.096341
1.904000	0.094390
1.906000	0.092438
1.908000	0.090485
1.910000	0.088531
1.912000	0.086576
1.914000	0.084621
1.916000	0.082664
1.918000	0.080707
1.920000	0.078749
1.922000	0.076790
1.924000	0.074831
1.926000	0.072871
1.928000	0.070910
1.930000	0.068948
1.932000	0.066986
1.934000	0.065023
1.936000	0.063059
1.938000	0.061095
1.940000	0.059130
1.942000	0.057165
1.944000	0.055199
1.946000	0.053232
1.948000	0.051265
1.950000	0.049297
1.952000	0.047329
1.954000	0.045361
1.956000	0.043392
1.958000	0.041422
1.960000	0.039452
1.962000	0.037482
1.964000	0.035512
1.966000	0.033541
1.968000	0.031569
1.970000	0.029598
1.972000	0.027626
1.974000	0.025654
1.976000	0.023681
1.978000	0.021709
1.980000	0.019736
1.982000	0.017763
1.984000	0.015790
1.986000	0.013816
1.988000	0.011843
1.990000	0.009869
1.992000	0.007895
1.994000	0.005922
1.996000	0.003948
1.998000	0.001974
2.000000	0.000000
2.002000	-0.001974
2.004000	-0.003948
2.006000	-0.005922
2.008000	-0.007895
2.010000	-0.009869
2.012000	-0.011843
2.014000	-0.013816
2.016000	-0.015790
2.018000	-0.017763
2.020000	-0.019736
2.022000	-0.021709
2.024000	-0.023681
2.026000	-0.025654
2.028000	-0.027626
2.030000	-0.029598
2.032000	-0.031569
2.034000	-0.033541
2.036000	-0.035512
2.038000	-0.037482
2.040000	-0.039452
2.042000	-0.041422
2.044000	-0.043392
2.046000	-0.045361
2.048000	-0.047329
2.050000	-0.049297
2.052000	-0.051265
2.054000	-0.053232
2.056000	-0.055199
2.058000	-0.057165
2.060000	-0.059130
2.062000	-0.061095
2.064000	-0.063059
2.066000	-0.065023
2.068000	-0.066986
2.070000	-0.068948
2.072000	-0.070910
2.074000	-0.072871
2.076000	-0.074831
2.078000	-0.076790
2.080000	-0.078749
2.082000	-0.080707
2.084000	-0.082664
2.086000	-0.084621
2.088000	-0.086576
2.090000	-0.088531
2.092000	-0.090485
2.094000	-0.092438
2.096000	-0.094390
2.098000	-0.096341
2.100000	-0.098291
2.102000	-0.100240
2.104000	-0.102188
2.106000	-0.104135
2.108000	-0.106081
2.110000	-0.108026
2.112000	-0.109970
2.114000	-0.111913
2.116000	-0.113855
2.118000	-0.115796
2.120000	-0.117735
2.122000	-0.119674
2.124000	-0.121611
2.126000	-0.123547
2.128000	-0.125481
2.130000	-0.127415
2.132000	-0.129347
2.134000	-0.131278
2.136000	-0.133208
2.138000	-0.135136
2.140000	-0.137063
2.142000	-0.138989
2.144000	-0.140913
2.146000	-0.142836
2.148000	-0.144758
2.150000	-0.146678
2.152000	-0.148597
2.154000	-0.150514
2.156000	-0.152430
2.158000	-0.154344
2.160000	-0.156256
2.162000	-0.158168
2.164000	-0.160077
2.166000	-0.161985
2.168000	-0.163892
2.170000	-0.165796
2.172000	-0.167699
2.174000	-0.169601
2.176000	-0.171501
2.178000	-0.173399
2.180000	-0.175295
2.182000	-0.177190
2.184000	-0.179083
2.186000	-0.180974
2.188000	-0.182863
2.190000	-0.184751
2.192000	-0.186637
2.194000	-0.188521
2.196000	-0.190403
2.198000	-0.192283
2.200000	-0.194161
2.202000	-0.196037
2.204000	-0.197912
2.206000	-0.199784
2.208000	-0.201655
2.210000	-0.203523
2.212000	-0.205390
2.214000	-0.207254
2.216000	-0.209117
2.218000	-0.210977
2.220000	-0.212835
2.222000	-0.214691
2.224000	-0.216546
2.226000	-0.218397
2.228000	-0.220247
2.230000	-0.222095
2.232000	-0.223940
2.234000	-0.225783
2.236000	-0.227624
2.238000	-0.229463
2.240000	-0.231299
2.242000	-0.233134
2.244000	-0.234965
2.246000	-0.236795
2.248000	-0.238622
2.250000	-0.240447
2.252000	-0.242270
2.254000	-0.244090
2.256000	-0.245907
2.258000	-0.247723
2.260000	-0.249535
2.262000	-0.251346
2.264000	-0.253154
2.266000	-0.254959
2.268000	-0.256762
2.270000	-0.258562
2.272000	-0.260360
2.274000	-0.262155
2.276000	-0.263948
2.278000	-0.265738
2.280000	-0.267525
2.282000	-0.269310
2.284000	-0.271092
2.286000	-0.272871
2.288000	-0.274648
2.290000	-0.276422
2.292000	-0.278193
2.294000	-0.279962
2.296000	-0.281727
2.298000	-0.283490
2.300000	-0.285251
2.302000	-0.287008
2.304000	-0.288763
2.306000	-0.290514
2.308000	-0.292263
2.310000	-0.294009
2.312000	-0.295752
2.314000	-0.297492
2.316000	-0.299229
2.318000	-0.300964
2.320000	-0.302695
2.322000	-0.304423
2.324000	-0.306148
2.326000	-0.307871
2.328000	-0.309590
2.330000	-0.311306
2.332000	-0.313019
2.334000	-0.314729
2.336000	-0.316436
2.338000	-0.318140
2.340000	-0.319840
2.342000	-0.321538
2.344000	-0.323232
2.346000	-0.324923
2.348000	-0.326611
2.350000	-0.328296
2.352000	-0.329977
2.354000	-0.331655
2.356000	-0.333330
2.358000	-0.335002
2.360000	-0.336670
2.362000	-0.338335
2.364000	-0.339997
2.366000	-0.341655
2.368000	-0.343310
2.370000	-0.344961
2.372000	-0.346609
2.374000	-0.348254
2.376000	-0.349895
2.378000	-0.351533
2.380000	-0.353167
2.382000	-0.354798
2.384000	-0.356426
2.386000	-0.358049
2.388000	-0.359670
2.390000	-0.361286
2.392000	-0.362900
2.394000	-0.364509
2.396000	-0.366115
2.398000	-0.367718
2.400000	-0.369316
2.402000	-0.370911
2.404000	-0.372503
2.406000	-0.374091
2.408000	-0.375675
2.410000	-0.377255
2.412000	-0.378832
2.414000	-0.380405
2.416000	-0.381974
2.418000	-0.383539
2.420000	-0.385101
2.422000	-0.386659
2.424000	-0.388213
2.426000	-0.389763
2.428000	-0.391309
2.430000	-0.392852
2.432000	-0.394390
2.434000	-0.395925
2.436000	-0.397456
2.438000	-0.398982
2.440000	-0.400505
2.442000	-0.402024
2.444000	-0.403539
2.446000	-0.405050
2.448000	-0.406557
2.450000	-0.408060
2.452000	-0.409559
2.454000	-0.411054
2.456000	-0.412545
2.458000	-0.414032
2.460000	-0.415514
2.462000	-0.416993
2.464000	-0.418468
2.466000	-0.419938
2.468000	-0.421404
2.470000	-0.422866
2.472000	-0.424324
2.474000	-0.425778
2.476000	-0.427227
2.478000	-0.428673
2.480000	-0.430114
2.482000	-0.431550
2.484000	-0.432983
2.486000	-0.434411
2.488000	-0.435835
2.490000	-0.437255
2.492000	-0.438670
2.494000	-0.440081
2.496000	-0.441488
2.498000	-0.442890
2.500000	-0.444288
2.502000	-0.445682
2.504000	-0.447071
2.506000	-0.448456
2.508000	-0.449836
2.510000	-0.451212
2.512000	-0.452584
2.514000	-0.453950
2.516000	-0.455313
2.518000	-0.456671
2.520000	-0.458024
2.522000	-0.459373
2.524000	-0.460718
2.526000	-0.462058
2.528000	-0.463393
2.530000	-0.464724
2.532000	-0.466050
2.534000	-0.467372
2.536000	-0.468689
2.538000	-0.470001
2.540000	-0.471309
2.542000	-0.472612
2.544000	-0.473910
2.546000	-0.475204
2.548000	-0.476493
2.550000	-0.477777
2.552000	-0.479057
2.554000	-0.480332
2.556000	-0.481602
2.558000	-0.482867
2.560000	-0.484128
2.562000	-0.485384
2.564000	-0.486635
2.566000	-0.487881
2.568000	-0.489122
2.570000	-0.490359
2.572000	-0.491591
2.574000	-0.492818
2.576000	-0.494040
2.578000	-0.495257
2.580000	-0.496469
2.582000	-0.497676
2.584000	-0.498879
2.586000	-0.500076
2.588000	-0.501269
2.590000	-0.502457
2.592000	-0.503639
2.594000	-0.504817
2.596000	-0.505990
2.598000	-0.507158
2.600000	-0.508320
2.602000	-0.509478
2.604000	-0.510631
2.606000	-0.511778
2.608000	-0.512921
2.610000	-0.514059
2.612000	-0.515191
2.614000	-0.516318
2.616000	-0.517441
2.618000	-0.518558
2.620000	-0.519670
2.622000	-0.520777
2.624000	-0.521879
2.626000	-0.522975
2.628000	-0.524067
2.630000	-0.525153
2.632000	-0.526234
2.634000	-0.527310
2.636000	-0.528381
2.638000	-0.529447
2.640000	-0.530507
2.642000	-0.531562
2.644000	-0.532612
2.646000	-0.533656
2.648000	-0.534696
2.650000	-0.535730
2.652000	-0.536758
2.654000	-0.537782
2.656000	-0.538800
2.658000	-0.539813
2.660000	-0.540820
2.662000	-0.541822
2.664000	-0.542819
2.666000	-0.543811
2.668000	-0.544797
2.670000	-0.545777
2.672000	-0.546753
2.674000	-0.547722
2.676000	-0.548687
2.678000	-0.549646
2.680000	-0.550600
2.682000	-0.551548
2.684000	-0.552491
2.686000	-0.553428
2.688000	-0.554360
2.690000	-0.555286
2.692000	-0.556207
2.694000	-0.557123
2.696000	-0.558033
2.698000	-0.558937
2.700000	-0.559836
2.702000	-0.560729
2.704000	-0.561617
2.706000	-0.562499
2.708000	-0.563376
2.710000	-0.564247
2.712000	-0.565113
2.714000	-0.565973
2.716000	-0.566827
2.718000	-0.567676
2.720000	-0.568520
2.722000	-0.569357
2.724000	-0.570189
2.726000	-0.571016
2.728000	-0.571836
2.730000	-0.572652
2.732000	-0.573461
2.734000	-0.574265
2.736000	-0.575063
2.738000	-0.575855
2.740000	-0.576642
2.742000	-0.577423
2.744000	-0.578199
2.746000	-0.578968
2.748000	-0.579732
2.750000	-0.580491
2.752000	-0.581243
2.754000	-0.581990
2.756000	-0.582731
2.758000	-0.583466
2.760000	-0.584196
2.762000	-0.584920
2.764000	-0.585638
2.766000	-0.586350
2.768000	-0.587056
2.770000	-0.587757
2.772000	-0.588452
2.774000	-0.589141
2.776000	-0.589824
2.778000	-0.590501
2.780000	-0.591173
2.782000	-0.591839
2.784000	-0.592498
2.786000	-0.593152
2.788000	-0.593801
2.790000	-0.594443
2.792000	-0.595079
2.794000	-0.595710
2.796000	-0.596335
2.798000	-0.596954
2.800000	-0.597566
2.802000	-0.598173
2.804000	-0.598775
2.806000	-0.599370
2.808000	-0.599959
2.810000	-0.600542
2.812000	-0.601120
2.814000	-0.601691
2.816000	-0.602257
2.818000	-0.602817
2.820000	-0.603370
2.822000	-0.603918
2.824000	-0.604460
2.826000	-0.604996
2.828000	-0.605525
2.830000	-0.606049
2.832000	-0.606567
2.834000	-0.607079
2.836000	-0.607585
2.838000	-0.608085
2.840000	-0.608579
2.842000	-0.609067
2.844000	-0.609549
2.846000	-0.610024
2.848000	-0.610494
2.850000	-0.610958
2.852000	-0.611416
2.854000	-0.611868
2.856000	-0.612313
2.858000	-0.612753
2.860000	-0.613187
2.862000	-0.613614
2.864000	-0.614036
2.866000	-0.614451
2.868000	-0.614861
2.870000	-0.615264
2.872000	-0.615661
2.874000	-0.616052
2.876000	-0.616437
2.878000	-0.616816
2.880000	-0.617189
2.882000	-0.617556
2.884000	-0.617917
2.886000	-0.618271
2.888000	-0.618620
2.890000	-0.618962
2.892000	-0.619299
2.894000	-0.619629
2.896000	-0.619953
2.898000	-0.620271
2.900000	-0.620583
2.902000	-0.620889
2.904000	-0.621188
2.906000	-0.621482
2.908000	-0.621769
2.910000	-0.622050
2.912000	-0.622325
2.914000	-0.622594
2.916000	-0.622857
2.918000	-0.623114
2.920000	-0.623364
2.922000	-0.623608
2.924000	-0.623847
2.926000	-0.624079
2.928000	-0.624304
2.930000	-0.624524
2.932000	-0.624738
2.934000	-0.624945
2.936000	-0.625146
2.938000	-0.625341
2.940000	-0.625530
2.942000	-0.625713
2.944000	-0.625889
2.946000	-0.626060
2.948000	-0.626224
2.950000	-0.626382
2.952000	-0.626533
2.954000	-0.626679
2.956000	-0.626818
2.958000	-0.626952
2.960000	-0.627079
2.962000	-0.627200
2.964000	-0.627314
2.966000	-0.627423
2.968000	-0.627525
2.970000	-0.627621
2.972000	-0.627711
2.974000	-0.627795
2.976000	-0.627872
2.978000	-0.627943
2.980000	-0.628008
2.982000	-0.628067
2.984000	-0.628120
2.986000	-0.628167
2.988000	-0.628207
2.990000	-0.628241
2.992000	-0.628269
2.994000	-0.628291
2.996000	-0.628306
2.998000	-0.628315
3.000000	-0.628319
3.002000	-0.628315
3.004000	-0.628306
3.006000	-0.628291
3.008000	-0.628269
3.010000	-0.628241
3.012000	-0.628207
3.014000	-0.628167
3.016000	-0.628120
3.018000	-0.628067
3.020000	-0.628008
3.022000	-0.627943
3.024000	-0.627872
3.026000	-0.627795
3.028000	-0.627711
3.030000	-0.627621
3.032000	-0.627525
3.034000	-0.627423
3.036000	-0.627314
3.038000	-0.627200
3.040000	-0.627079
3.042000	-0.626952
3.044000	-0.626818
3.046000	-0.626679
3.048000	-0.626533
3.050000	-0.626382
3.052000	-0.626224
3.054000	-0.626060
3.056000	-0.625889
3.058000	-0.625713
3.060000	-0.625530
3.062000	-0.625341
3.064000	-0.625146
3.066000	-0.624945
3.068000	-0.624738
3.070000	-0.624524
3.072000	-0.624304
3.074000	-0.624079
3.076000	-0.623847
3.078000	-0.623608
3.080000	-0.623364
3.082000	-0.623114
3.084000	-0.622857
3.086000	-0.622594
3.088000	-0.622325
3.090000	-0.622050
3.092000	-0.621769
3.094000	-0.621482
3.096000	-0.621188
3.098000	-0.620889
3.100000	-0.620583
3.102000	-0.620271
3.104000	-0.619953
3.106000	-0.619629
3.108000	-0.619299
3.110000	-0.618962
3.112000	-0.618620
3.114000	-0.618271
3.116000	-0.617917
3.118000	-0.617556
3.120000	-0.617189
3.122000	-0.616816
3.124000	-0.616437
3.126000	-0.616052
3.128000	-0.615661
3.130000	-0.615264
3.132000	-0.614861
3.134000	-0.614451
3.136000	-0.614036
3.138000	-0.613614
3.140000	-0.613187
3.142000	-0.612753
3.144000	-0.612313
3.146000	-0.611868
3.148000	-0.611416
3.150000	-0.610958
3.152000	-0.610494
3.154000	-0.610024
3.156000	-0.609549
3.158000	-0.609067
3.160000	-0.608579
3.162000	-0.608085
3.164000	-0.607585
3.166000	-0.607079
3.168000	-0.606567
3.170000	-0.606049
3.172000	-0.605525
3.174000	-0.604996
3.176000	-0.604460
3.178000	-0.603918
3.180000	-0.603370
3.182000	-0.602817
3.184000	-0.602257
3.186000	-0.601691
3.188000	-0.601120
3.190000	-0.600542
3.192000	-0.599959
3.194000	-0.599370
3.196000	-0.598775
3.198000	-0.598173
3.200000	-0.597566
3.202000	-0.596954
3.204000	-0.596335
3.206000	-0.595710
3.208000	-0.595079
3.210000	-0.594443
3.212000	-0.593801
3.214000	-0.593152
3.216000	-0.592498
3.218000	-0.591839
3.220000	-0.591173
3.222000	-0.590501
3.224000	-0.589824
3.226000	-0.589141
3.228000	-0.588452
3.230000	-0.587757
3.232000	-0.587056
3.234000	-0.586350
3.236000	-0.585638
3.238000	-0.584920
3.240000	-0.584196
3.242000	-0.583466
3.244000	-0.582731
3.246000	-0.581990
3.248000	-0.581243
3.250000	-0.580491
3.252000	-0.579732
3.254000	-0.578968
3.256000	-0.578199
3.258000	-0.577423
3.260000	-0.576642
3.262000	-0.575855
3.264000	-0.575063
3.266000	-0.574265
3.268000	-0.573461
3.270000	-0.572652
3.272000	-0.571836
3.274000	-0.571016
3.276000	-0.570189
3.278000	-0.569357
3.280000	-0.568520
3.282000	-0.567676
3.284000	-0.566827
3.286000	-0.565973
3.288000	-0.565113
3.290000	-0.564247
3.292000	-0.563376
3.294000	-0.562499
3.296000	-0.561617
3.298000	-0.560729
3.300000	-0.559836
3.302000	-0.558937
3.304000	-0.558033
3.306000	-0.557123
3.308000	-0.556207
3.310000	-0.555286
3.312000	-0.554360
3.314000	-0.553428
3.316000	-0.552491
3.318000	-0.551548
3.320000	-0.550600
3.322000	-0.549646
3.324000	-0.548687
3.326000	-0.547722
3.328000	-0.546753
3.330000	-0.545777
3.332000	-0.544797
3.334000	-0.543811
3.336000	-0.542819
3.338000	-0.541822
3.340000	-0.540820
3.342000	-0.539813
3.344000	-0.538800
3.346000	-0.537782
3.348000	-0.536758
3.350000	-0.535730
3.352000	-0.534696
3.354000	-0.533656
3.356000	-0.532612
3.358000	-0.531562
3.360000	-0.530507
3.362000	-0.529447
3.364000	-0.528381
3.366000	-0.527310
3.368000	-0.526234
3.370000	-0.525153
3.372000	-0.524067
3.374000	-0.522975
3.376000	-0.521879
3.378000	-0.520777
3.380000	-0.519670
3.382000	-0.518558
3.384000	-0.517441
3.386000	-0.516318
3.388000	-0.515191
3.390000	-0.514059
3.392000	-0.512921
3.394000	-0.511778
3.396000	-0.510631
3.398000	-0.509478
3.400000	-0.508320
3.402000	-0.507158
3.404000	-0.505990
3.406000	-0.504817
3.408000	-0.503639
3.410000	-0.502457
3.412000	-0.501269
3.414000	-0.500076
3.416000	-0.498879
3.418000	-0.497676
3.420000	-0.496469
3.422000	-0.495257
3.424000	-0.494040
3.426000	-0.492818
3.428000	-0.491591
3.430000	-0.490359
3.432000	-0.489122
3.434000	-0.487881
3.436000	-0.486635
3.438000	-0.485384
3.440000	-0.484128
3.442000	-0.482867
3.444000	-0.481602
3.446000	-0.480332
3.448000	-0.479057
3.450000	-0.477777
3.452000	-0.476493
3.454000	-0.475204
3.456000	-0.473910
3.458000	-0.472612
3.460000	-0.471309
3.462000	-0.470001
3.464000	-0.468689
3.466000	-0.467372
3.468000	-0.466050
3.470000	-0.464724
3.472000	-0.463393
3.474000	-0.462058
3.476000	-0.460718
3.478000	-0.459373
3.480000	-0.458024
3.482000	-0.456671
3.484000	-0.455313
3.486000	-0.453950
3.488000	-0.452584
3.490000	-0.451212
3.492000	-0.449836
3.494000	-0.448456
3.496000	-0.447071
3.498000	-0.445682
3.500000	-0.444288
3.502000	-0.442890
3.504000	-0.441488
3.506000	-0.440081
3.508000	-0.438670
3.510000	-0.437255
3.512000	-0.435835
3.514000	-0.434411
3.516000	-0.432983
3.518000	-0.431550
3.520000	-0.430114
3.522000	-0.428673
3.524000	-0.427227
3.526000	-0.425778
3.528000	-0.424324
3.530000	-0.422866
3.532000	-0.421404
3.534000	-0.419938
3.536000	-0.418468
3.538000	-0.416993
3.540000	-0.415514
3.542000	-0.414032
3.544000	-0.412545
3.546000	-0.411054
3.548000	-0.409559
3.550000	-0.408060
3.552000	-0.406557
3.554000	-0.405050
3.556000	-0.403539
3.558000	-0.402024
3.560000	-0.400505
3.562000	-0.398982
3.564000	-0.397456
3.566000	-0.395925
3.568000	-0.394390
3.570000	-0.392852
3.572000	-0.391309
3.574000	-0.389763
3.576000	-0.388213
3.578000	-0.386659
3.580000	-0.385101
3.582000	-0.383539
3.584000	-0.381974
3.586000	-0.380405
3.588000	-0.378832
3.590000	-0.377255
3.592000	-0.375675
3.594000	-0.374091
3.596000	-0.372503
3.598000	-0.370911
3.600000	-0.369316
3.602000	-0.367718
3.604000	-0.366115
3.606000	-0.364509
3.608000	-0.362900
3.610000	-0.361286
3.612000	-0.359670
3.614000	-0.358049
3.616000	-0.356426
3.618000	-0.354798
3.620000	-0.353167
3.622000	-0.351533
3.624000	-0.349895
3.626000	-0.348254
3.628000	-0.346609
3.630000	-0.344961
3.632000	-0.343310
3.634000	-0.341655
3.636000	-0.339997
3.638000	-0.338335
3.640000	-0.336670
3.642000	-0.335002
3.644000	-0.333330
3.646000	-0.331655
3.648000	-0.329977
3.650000	-0.328296
3.652000	-0.326611
3.654000	-0.324923
3.656000	-0.323232
3.658000	-0.321538
3.660000	-0.319840
3.662000	-0.318140
3.664000	-0.316436
3.666000	-0.314729
3.668000	-0.313019
3.670000	-0.311306
3.672000	-0.309590
3.674000	-0.307871
3.676000	-0.306148
3.678000	-0.304423
3.680000	-0.302695
3.682000	-0.300964
3.684000	-0.299229
3.686000	-0.297492
3.688000	-0.295752
3.690000	-0.294009
3.692000	-0.292263
3.694000	-0.290514
3.696000	-0.288763
3.698000	-0.287008
3.700000	-0.285251
3.702000	-0.283490
3.704000	-0.281727
3.706000	-0.279962
3.708000	-0.278193
3.710000	-0.276422
3.712000	-0.274648
3.714000	-0.272871
3.716000	-0.271092
3.718000	-0.269310
3.720000	-0.267525
3.722000	-0.265738
3.724000	-0.263948
3.726000	-0.262155
3.728000	-0.260360
3.730000	-0.258562
3.732000	-0.256762
3.734000	-0.254959
3.736000	-0.253154
3.738000	-0.251346
3.740000	-0.249535
3.742000	-0.247723
3.744000	-0.245907
3.746000	-0.244090
3.748000	-0.242270
3.750000	-0.240447
3.752000	-0.238622
3.754000	-0.236795
3.756000	-0.234965
3.758000	-0.233134
3.760000	-0.231299
3.762000	-0.229463
3.764000	-0.227624
3.766000	-0.225783
3.768000	-0.223940
3.770000	-0.222095
3.772000	-0.220247
3.774000	-0.218397
3.776000	-0.216546
3.778000	-0.214691
3.780000	-0.212835
3.782000	-0.210977
3.784000	-0.209117
3.786000	-0.207254
3.788000	-0.205390
3.790000	-0.203523
3.792000	-0.201655
3.794000	-0.199784
3.796000	-0.197912
3.798000	-0.196037
3.800000	-0.194161
3.802000	-0.192283
3.804000	-0.190403
3.806000	-0.188521
3.808000	-0.186637
3.810000	-0.184751
3.812000	-0.182863
3.814000	-0.180974
3.816000	-0.179083
3.818000	-0.177190
3.820000	-0.175295
3.822000	-0.173399
3.824000	-0.171501
3.826000	-0.169601
3.828000	-0.167699
3.830000	-0.165796
3.832000	-0.163892
3.834000	-0.161985
3.836000	-0.160077
3.838000	-0.158168
3.840000	-0.156256
3.842000	-0.154344
3.844000	-0.152430
3.846000	-0.150514
3.848000	-0.148597
3.850000	-0.146678
3.852000	-0.144758
3.854000	-0.142836
3.856000	-0.140913
3.858000	-0.138989
3.860000	-0.137063
3.862000	-0.135136
3.864000	-0.133208
3.866000	-0.131278
3.868000	-0.129347
3.870000	-0.127415
3.872000	-0.125481
3.874000	-0.123547
3.876000	-0.121611
3.878000	-0.119674
3.880000	-0.117735
3.882000	-0.115796
3.884000	-0.113855
3.886000	-0.111913
3.888000	-0.109970
3.890000	-0.108026
3.892000	-0.106081
3.894000	-0.104135
3.896000	-0.102188
3.898000	-0.100240
3.900000	-0.098291
3.902000	-0.096341
3.904000	-0.094390
3.906000	-0.092438
3.908000	-0.090485
3.910000	-0.088531
3.912000	-0.086576
3.914000	-0.084621
3.916000	-0.082664
3.918000	-0.080707
3.920000	-0.078749
3.922000	-0.076790
3.924000	-0.074831
3.926000	-0.072871
3.928000	-0.070910
3.930000	-0.068948
3.932000	-0.066986
3.934000	-0.065023
3.936000	-0.063059
3.938000	-0.061095
3.940000	-0.059130
3.942000	-0.057165
3.944000	-0.055199
3.946000	-0.053232
3.948000	-0.051265
3.950000	-0.049297
3.952000	-0.047329
3.954000	-0.045361
3.956000	-0.043392
3.958000	-0.041422
3.960000	-0.039452
3.962000	-0.037482
3.964000	-0.035512
3.966000	-0.033541
3.968000	-0.031569
3.970000	-0.029598
3.972000	-0.027626
3.974000	-0.025654
3.976000	-0.023681
3.978000	-0.021709
3.980000	-0.019736
3.982000	-0.017763
3.984000	-0.015790
3.986000	-0.013816
3.988000	-0.011843
3.990000	-0.009869
3.992000	-0.007895
3.994000	-0.005922
3.996000	-0.003948
3.998000	-0.001974
4.000000	-0.000000
4.002000	0.001974
4.004000	0.003948
4.006000	0.005922
4.008000	0.007895
4.010000	0.009869
4.012000	0.011843
4.014000	0.013816
4.016000	0.015790
4.018000	0.017763
4.020000	0.019736
4.022000	0.021709
4.024000	0.023681
4.026000	0.025654
4.028000	0.027626
4.030000	0.029598
4.032000	0.031569
4.034000	0.033541
4.036000	0.035512
4.038000	0.037482
4.040000	0.039452
4.042000	0.041422
4.044000	0.043392
4.046000	0.045361
4.048000	0.047329
4.050000	0.049297
4.052000	0.051265
4.054000	0.053232
4.056000	0.055199
4.058000	0.057165
4.060000	0.059130
4.062000	0.061095
4.064000	0.063059
4.066000	0.065023
4.068000	0.066986
4.070000	0.068948
4.072000	0.070910
4.074000	0.072871
4.076000	0.074831
4.078000	0.076790
4.080000	0.078749
4.082000	0.080707
4.084000	0.082664
4.086000	0.084621
4.088000	0.086576
4.090000	0.088531
4.092000	0.090485
4.094000	0.092438
4.096000	0.094390
4.098000	0.096341
4.100000	0.098291
4.102000	0.100240
4.104000	0.102188
4.106000	0.104135
4.108000	0.106081
4.110000	0.108026
4.112000	0.109970
4.114000	0.111913
4.116000	0.113855
4.118000	0.115796
4.120000	0.117735
4.122000	0.119674
4.124000	0.121611
4.126000	0.123547
4.128000	0.125481
4.130000	0.127415
4.132000	0.129347
4.134000	0.131278
4.136000	0.133208
4.138000	0.135136
4.140000	0.137063
4.142000	0.138989
4.144000	0.140913
4.146000	0.142836
4.148000	0.144758
4.150000	0.146678
4.152000	0.148597
4.154000	0.150514
4.156000	0.152430
4.158000	0.154344
4.160000	0.156256
4.162000	0.158168
4.164000	0.160077
4.166000	0.161985
4.168000	0.163892
4.170000	0.165796
4.172000	0.167699
4.174000	0.169601
4.176000	0.171501
4.178000	0.173399
4.180000	0.175295
4.182000	0.177190
4.184000	0.179083
4.186000	0.180974
4.188000	0.182863
4.190000	0.184751
4.192000	0.186637
4.194000	0.188521
4.196000	0.190403
4.198000	0.192283
4.200000	0.194161
4.202000	0.196037
4.204000	0.197912
4.206000	0.199784
4.208000	0.201655
4.210000	0.203523
4.212000	0.205390
4.214000	0.207254
4.216000	0.209117
4.218000	0.210977
4.220000	0.212835
4.222000	0.214691
4.224000	0.216546
4.226000	0.218397
4.228000	0.220247
4.230000	0.222095
4.232000	0.223940
4.234000	0.225783
4.236000	0.227624
4.238000	0.229463
4.240000	0.231299
4.242000	0.233134
4.244000	0.234965
4.246000	0.236795
4.248000	0.238622
4.250000	0.240447
4.252000	0.242270
4.254000	0.244090
4.256000	0.245907
4.258000	0.247723
4.260000	0.249535
4.262000	0.251346
4.264000	0.253154
4.266000	0.254959
4.268000	0.256762
4.270000	0.258562
4.272000	0.260360
4.274000	0.262155
4.276000	0.263948
4.278000	0.265738
4.280000	0.267525
4.282000	0.269310
4.284000	0.271092
4.286000	0.272871
4.288000	0.274648
4.290000	0.276422
4.292000	0.278193
4.294000	0.279962
4.296000	0.281727
4.298000	0.283490
4.300000	0.285251
4.302000	0.287008
4.304000	0.288763
4.306000	0.290514
4.308000	0.292263
4.310000	0.294009
4.312000	0.295752
4.314000	0.297492
4.316000	0.299229
4.318000	0.300964
4.320000	0.302695
4.322000	0.304423
4.324000	0.306148
4.326000	0.307871
4.328000	0.309590
4.330000	0.311306
4.332000	0.313019
4.334000	0.314729
4.336000	0.316436
4.338000	0.318140
4.340000	0.319840
4.342000	0.321538
4.344000	0.323232
4.346000	0.324923
4.348000	0.326611
4.350000	0.328296
4.352000	0.329977
4.354000	0.331655
4.356000	0.333330
4.358000	0.335002
4.360000	0.336670
4.362000	0.338335
4.364000	0.339997
4.366000	0.341655
4.368000	0.343310
4.370000	0.344961
4.372000	0.346609
4.374000	0.348254
4.376000	0.349895
4.378000	0.351533
4.380000	0.353167
4.382000	0.354798
4.384000	0.356426
4.386000	0.358049
4.388000	0.359670
4.390000	0.361286
4.392000	0.362900
4.394000	0.364509
4.396000	0.366115
4.398000	0.367718
4.400000	0.369316
4.402000	0.370911
4.404000	0.372503
4.406000	0.374091
4.408000	0.375675
4.410000	0.377255
4.412000	0.378832
4.414000	0.380405
4.416000	0.381974
4.418000	0.383539
4.420000	0.385101
4.422000	0.386659
4.424000	0.388213
4.426000	0.389763
4.428000	0.391309
4.430000	0.392852
4.432000	0.394390
4.434000	0.395925
4.436000	0.397456
4.438000	0.398982
4.440000	0.400505
4.442000	0.402024
4.444000	0.403539
4.446000	0.405050
4.448000	0.406557
4.450000	0.408060
4.452000	0.409559
4.454000	0.411054
4.456000	0.412545
4.458000	0.414032
4.460000	0.415514
4.462000	0.416993
4.464000	0.418468
4.466000	0.419938
4.468000	0.421404
4.470000	0.422866
4.472000	0.424324
4.474000	0.425778
4.476000	0.427227
4.478000	0.428673
4.480000	0.430114
4.482000	0.431550
4.484000	0.432983
4.486000	0.434411
4.488000	0.435835
4.490000	0.437255
4.492000	0.438670
4.494000	0.440081
4.496000	0.441488
4.498000	0.442890
4.500000	0.444288
4.502000	0.445682
4.504000	0.447071
4.506000	0.448456
4.508000	0.449836
4.510000	0.451212
4.512000	0.452584
4.514000	0.453950
4.516000	0.455313
4.518000	0.456671
4.520000	0.458024
4.522000	0.459373
4.524000	0.460718
4.526000	0.462058
4.528000	0.463393
4.530000	0.464724
4.532000	0.466050
4.534000	0.467372
4.536000	0.468689
4.538000	0.470001
4.540000	0.471309
4.542000	0.472612
4.544000	0.473910
4.546000	0.475204
4.548000	0.476493
4.550000	0.477777
4.552000	0.479057
4.554000	0.480332
4.556000	0.481602
4.558000	0.482867
4.560000	0.484128
4.562000	0.485384
4.564000	0.486635
4.566000	0.487881
4.568000	0.489122
4.570000	0.490359
4.572000	0.491591
4.574000	0.492818
4.576000	0.494040
4.578000	0.495257
4.580000	0.496469
4.582000	0.497676
4.584000	0.498879
4.586000	0.500076
4.588000	0.501269
4.590000	0.502457
4.592000	0.503639
4.594000	0.504817
4.596000	0.505990
4.598000	0.507158
4.600000	0.508320
4.602000	0.509478
4.604000	0.510631
4.606000	0.511778
4.608000	0.512921
4.610000	0.514059
4.612000	0.515191
4.614000	0.516318
4.616000	0.517441
4.618000	0.518558
4.620000	0.519670
4.622000	0.520777
4.624000	0.521879
4.626000	0.522975
4.628000	0.524067
4.630000	0.525153
4.632000	0.526234
4.634000	0.527310
4.636000	0.528381
4.638000	0.529447
4.640000	0.530507
4.642000	0.531562
4.644000	0.532612
4.646000	0.533656
4.648000	0.534696
4.650000	0.535730
4.652000	0.536758
4.654000	0.537782
4.656000	0.538800
4.658000	0.539813
4.660000	0.540820
4.662000	0.541822
4.664000	0.542819
4.666000	0.543811
4.668000	0.544797
4.670000	0.545777
4.672000	0.546753
4.674000	0.547722
4.676000	0.548687
4.678000	0.549646
4.680000	0.550600
4.682000	0.551548
4.684000	0.552491
4.686000	0.553428
4.688000	0.554360
4.690000	0.555286
4.692000	0.556207
4.694000	0.557123
4.696000	0.558033
4.698000	0.558937
4.700000	0.559836
4.702000	0.560729
4.704000	0.561617
4.706000	0.562499
4.708000	0.563376
4.710000	0.564247
4.712000	0.565113
4.714000	0.565973
4.716000	0.566827
4.718000	0.567676
4.720000	0.568520
4.722000	0.569357
4.724000	0.570189
4.726000	0.571016
4.728000	0.571836
4.730000	0.572652
4.732000	0.573461
4.734000	0.574265
4.736000	0.575063
4.738000	0.575855
4.740000	0.576642
4.742000	0.577423
4.744000	0.578199
4.746000	0.578968
4.748000	0.579732
4.750000	0.580491
4.752000	0.581243
4.754000	0.581990
4.756000	0.582731
4.758000	0.583466
4.760000	0.584196
4.762000	0.584920
4.764000	0.585638
4.766000	0.586350
4.768000	0.587056
4.770000	0.587757
4.772000	0.588452
4.774000	0.589141
4.776000	0.589824
4.778000	0.590501
4.780000	0.591173
4.782000	0.591839
4.784000	0.592498
4.786000	0.593152
4.788000	0.593801
4.790000	0.594443
4.792000	0.595079
4.794000	0.595710
4.796000	0.596335
4.798000	0.596954
4.800000	0.597566
4.802000	0.598173
4.804000	0.598775
4.806000	0.599370
4.808000	0.599959
4.810000	0.600542
4.812000	0.601120
4.814000	0.601691
4.816000	0.602257
4.818000	0.602817
4.820000	0.603370
4.822000	0.603918
4.824000	0.604460
4.826000	0.604996
4.828000	0.605525
4.830000	0.606049
4.832000	0.606567
4.834000	0.607079
4.836000	0.607585
4.838000	0.608085
4.840000	0.608579
4.842000	0.609067
4.844000	0.609549
4.846000	0.610024
4.848000	0.610494
4.850000	0.610958
4.852000	0.611416
4.854000	0.611868
4.856000	0.612313
4.858000	0.612753
4.860000	0.613187
4.862000	0.613614
4.864000	0.614036
4.866000	0.614451
4.868000	0.614861
4.870000	0.615264
4.872000	0.615661
4.874000	0.616052
4.876000	0.616437
4.878000	0.616816
4.880000	0.617189
4.882000	0.617556
4.884000	0.617917
4.886000	0.618271
4.888000	0.618620
4.890000	0.618962
4.892000	0.619299
4.894000	0.619629
4.896000	0.619953
4.898000	0.620271
4.900000	0.620583
4.902000	0.620889
4.904000	0.621188
4.906000	0.621482
4.908000	0.621769
4.910000	0.622050
4.912000	0.622325
4.914000	0.622594
4.916000	0.622857
4.918000	0.623114
4.920000	0.623364
4.922000	0.623608
4.924000	0.623847
4.926000	0.624079
4.928000	0.624304
4.930000	0.624524
4.932000	0.624738
4.934000	0.624945
4.936000	0.625146
4.938000	0.625341
4.940000	0.625530
4.942000	0.625713
4.944000	0.625889
4.946000	0.626060
4.948000	0.626224
4.950000	0.626382
4.952000	0.626533
4.954000	0.626679
4.956000	0.626818
4.958000	0.626952
4.960000	0.627079
4.962000	0.627200
4.964000	0.627314
4.966000	0.627423
4.968000	0.627525
4.970000	0.627621
4.972000	0.627711
4.974000	0.627795
4.976000	0.627872
4.978000	0.627943
4.980000	0.628008
4.982000	0.628067
4.984000	0.628120
4.986000	0.628167
4.988000	0.628207
4.990000	0.628241
4.992000	0.628269
4.994000	0.628291
4.996000	0.628306
4.998000	0.628315
5.000000	0.628319
5.002000	0.628315
5.004000	0.628306
5.006000	0.628291
5.008000	0.628269
5.010000	0.628241
5.012000	0.628207
5.014000	0.628167
5.016000	0.628120
5.018000	0.628067
5.020000	0.628008
5.022000	0.627943
5.024000	0.627872
5.026000	0.627795
5.028000	0.627711
5.030000	0.627621
5.032000	0.627525
5.034000	0.627423
5.036000	0.627314
5.038000	0.627200
5.040000	0.627079
5.042000	0.626952
5.044000	0.626818
5.046000	0.626679
5.048000	0.626533
5.050000	0.626382
5.052000	0.626224
5.054000	0.626060
5.056000	0.625889
5.058000	0.625713
5.060000	0.625530
5.062000	0.625341
5.064000	0.625146
5.066000	0.624945
5.068000	0.624738
5.070000	0.624524
5.072000	0.624304
5.074000	0.624079
5.076000	0.623847
5.078000	0.623608
5.080000	0.623364
5.082000	0.623114
5.084000	0.622857
5.086000	0.622594
5.088000	0.622325
5.090000	0.622050
5.092000	0.621769
5.094000	0.621482
5.096000	0.621188
5.098000	0.620889
5.100000	0.620583
5.102000	0.620271
5.104000	0.619953
5.106000	0.619629
5.108000	0.619299
5.110000	0.618962
5.112000	0.618620
5.114000	0.618271
5.116000	0.617917
5.118000	0.617556
5.120000	0.617189
5.122000	0.616816
5.124000	0.616437
5.126000	0.616052
5.128000	0.615661
5.130000	0.615264
5.132000	0.614861
5.134000	0.614451
5.136000	0.614036
5.138000	0.613614
5.140000	0.613187
5.142000	0.612753
5.144000	0.612313
5.146000	0.611868
5.148000	0.611416
5.150000	0.610958
5.152000	0.610494
5.154000	0.610024
5.156000	0.609549
5.158000	0.609067
5.160000	0.608579
5.162000	0.608085
5.164000	0.607585
5.166000	0.607079
5.168000	0.606567
5.170000	0.606049
5.172000	0.605525
5.174000	0.604996
5.176000	0.604460
5.178000	0.603918
5.180000	0.603370
5.182000	0.602817
5.184000	0.602257
5.186000	0.601691
5.188000	0.601120
5.190000	0.600542
5.192000	0.599959
5.194000	0.599370
5.196000	0.598775
5.198000	0.598173
5.200000	0.597566
5.202000	0.596954
5.204000	0.596335
5.206000	0.595710
5.208000	0.595079
5.210000	0.594443
5.212000	0.593801
5.214000	0.593152
5.216000	0.592498
5.218000	0.591839
5.220000	0.591173
5.222000	0.590501
5.224000	0.589824
5.226000	0.589141
5.228000	0.588452
5.230000	0.587757
5.232000	0.587056
5.234000	0.586350
5.236000	0.585638
5.238000	0.584920
5.240000	0.584196
5.242000	0.583466
5.244000	0.582731
5.246000	0.581990
5.248000	0.581243
5.250000	0.580491
5.252000	0.579732
5.254000	0.578968
5.256000	0.578199
5.258000	0.577423
5.260000	0.576642
5.262000	0.575855
5.264000	0.575063
5.266000	0.574265
5.268000	0.573461
5.270000	0.572652
5.272000	0.571836
5.274000	0.571016
5.276000	0.570189
5.278000	0.569357
5.280000	0.568520
5.282000	0.567676
5.284000	0.566827
5.286000	0.565973
5.288000	0.565113
5.290000	0.564247
5.292000	0.563376
5.294000	0.562499
5.296000	0.561617
5.298000	0.560729
5.300000	0.559836
5.302000	0.558937
5.304000	0.558033
5.306000	0.557123
5.308000	0.556207
5.310000	0.555286
5.312000	0.554360
5.314000	0.553428
5.316000	0.552491
5.318000	0.551548
5.320000	0.550600
5.322000	0.549646
5.324000	0.548687
5.326000	0.547722
5.328000	0.546753
5.330000	0.545777
5.332000	0.544797
5.334000	0.543811
5.336000	0.542819
5.338000	0.541822
5.340000	0.540820
5.342000	0.539813
5.344000	0.538800
5.346000	0.537782
5.348000	0.536758
5.350000	0.535730
5.352000	0.534696
5.354000	0.533656
5.356000	0.532612
5.358000	0.531562
5.360000	0.530507
5.362000	0.529447
5.364000	0.528381
5.366000	0.527310
5.368000	0.526234
5.370000	0.525153
5.372000	0.524067
5.374000	0.522975
5.376000	0.521879
5.378000	0.520777
5.380000	0.519670
5.382000	0.518558
5.384000	0.517441
5.386000	0.516318
5.388000	0.515191
5.390000	0.514059
5.392000	0.512921
5.394000	0.511778
5.396000	0.510631
5.398000	0.509478
5.400000	0.508320
5.402000	0.507158
5.404000	0.505990
5.406000	0.504817
5.408000	0.503639
5.410000	0.502457
5.412000	0.501269
5.414000	0.500076
5.416000	0.498879
5.418000	0.497676
5.420000	0.496469
5.422000	0.495257
5.424000	0.494040
5.426000	0.492818
5.428000	0.491591
5.430000	0.490359
5.432000	0.489122
5.434000	0.487881
5.436000	0.486635
5.438000	0.485384
5.440000	0.484128
5.442000	0.482867
5.444000	0.481602
5.446000	0.480332
5.448000	0.479057
5.450000	0.477777
5.452000	0.476493
5.454000	0.475204
5.456000	0.473910
5.458000	0.472612
5.460000	0.471309
5.462000	0.470001
5.464000	0.468689
5.466000	0.467372
5.468000	0.466050
5.470000	0.464724
5.472000	0.463393
5.474000	0.462058
5.476000	0.460718
5.478000	0.459373
5.480000	0.458024
5.482000	0.456671
5.484000	0.455313
5.486000	0.453950
5.488000	0.452584
5.490000	0.451212
5.492000	0.449836
5.494000	0.448456
5.496000	0.447071
5.498000	0.445682
5.500000	0.444288
5.502000	0.442890
5.504000	0.441488
5.506000	0.440081
5.508000	0.438670
5.510000	0.437255
5.512000	0.435835
5.514000	0.434411
5.516000	0.432983
5.518000	0.431550
5.520000	0.430114
5.522000	0.428673
5.524000	0.427227
5.526000	0.425778
5.528000	0.424324
5.530000	0.422866
5.532000	0.421404
5.534000	0.419938
5.536000	0.418468
5.538000	0.416993
5.540000	0.415514
5.542000	0.414032
5.544000	0.412545
5.546000	0.411054
5.548000	0.409559
5.550000	0.408060
5.552000	0.406557
5.554000	0.405050
5.556000	0.403539
5.558000	0.402024
5.560000	0.400505
5.562000	0.398982
5.564000	0.397456
5.566000	0.395925
5.568000	0.394390
5.570000	0.392852
5.572000	0.391309
5.574000	0.389763
5.576000	0.388213
5.578000	0.386659
5.580000	0.385101
5.582000	0.383539
5.584000	0.381974
5.586000	0.380405
5.588000	0.378832
5.590000	0.377255
5.592000	0.375675
5.594000	0.374091
5.596000	0.372503
5.598000	0.370911
5.600000	0.369316
5.602000	0.367718
5.604000	0.366115
5.606000	0.364509
5.608000	0.362900
5.610000	0.361286
5.612000	0.359670
5.614000	0.358049
5.616000	0.356426
5.618000	0.354798
5.620000	0.353167
5.622000	0.351533
5.624000	0.349895
5.626000	0.348254
5.628000	0.346609
5.630000	0.344961
5.632000	0.343310
5.634000	0.341655
5.636000	0.339997
5.638000	0.338335
5.640000	0.336670
5.642000	0.335002
5.644000	0.333330
5.646000	0.331655
5.648000	0.329977
5.650000	0.328296
5.652000	0.326611
5.654000	0.324923
5.656000	0.323232
5.658000	0.321538
5.660000	0.319840
5.662000	0.318140
5.664000	0.316436
5.666000	0.314729
5.668000	0.313019
5.670000	0.311306
5.672000	0.309590
5.674000	0.307871
5.676000	0.306148
5.678000	0.304423
5.680000	0.302695
5.682000	0.300964
5.684000	0.299229
5.686000	0.297492
5.688000	0.295752
5.690000	0.294009
5.692000	0.292263
5.694000	0.290514
5.696000	0.288763
5.698000	0.287008
5.700000	0.285251
5.702000	0.283490
5.704000	0.281727
5.706000	0.279962
5.708000	0.278193
5.710000	0.276422
5.712000	0.274648
5.714000	0.272871
5.716000	0.271092
5.718000	0.269310
5.720000	0.267525
5.722000	0.265738
5.724000	0.263948
5.726000	0.262155
5.728000	0.260360
5.730000	0.258562
5.732000	0.256762
5.734000	0.254959
5.736000	0.253154
5.738000	0.251346
5.740000	0.249535
5.742000	0.247723
5.744000	0.245907
5.746000	0.244090
5.748000	0.242270
5.750000	0.240447
5.752000	0.238622
5.754000	0.236795
5.756000	0.234965
5.758000	0.233134
5.760000	0.231299
5.762000	0.229463
5.764000	0.227624
5.766000	0.225783
5.768000	0.223940
5.770000	0.222095
5.772000	0.220247
5.774000	0.218397
5.776000	0.216546
5.778000	0.214691
5.780000	0.212835
5.782000	0.210977
5.784000	0.209117
5.786000	0.207254
5.788000	0.205390
5.790000	0.203523
5.792000	0.201655
5.794000	0.199784
5.796000	0.197912
5.798000	0.196037
5.800000	0.194161
5.802000	0.192283
5.804000	0.190403
5.806000	0.188521
5.808000	0.186637
5.810000	0.184751
5.812000	0.182863
5.814000	0.180974
5.816000	0.179083
5.818000	0.177190
5.820000	0.175295
5.822000	0.173399
5.824000	0.171501
5.826000	0.169601
5.828000	0.167699
5.830000	0.165796
5.832000	0.163892
5.834000	0.161985
5.836000	0.160077
5.838000	0.158168
5.840000	0.156256
5.842000	0.154344
5.844000	0.152430
5.846000	0.150514
5.848000	0.148597
5.850000	0.146678
5.852000	0.144758
5.854000	0.142836
5.856000	0.140913
5.858000	0.138989
5.860000	0.137063
5.862000	0.135136
5.864000	0.133208
5.866000	0.131278
5.868000	0.129347
5.870000	0.127415
5.872000	0.125481
5.874000	0.123547
5.876000	0.121611
5.878000	0.119674
5.880000	0.117735
5.882000	0.115796
5.884000	0.113855
5.886000	0.111913
5.888000	0.109970
5.890000	0.108026
5.892000	0.106081
5.894000	0.104135
5.896000	0.102188
5.898000	0.100240
5.900000	0.098291
5.902000	0.096341
5.904000	0.094390
5.906000	0.092438
5.908000	0.090485
5.910000	0.088531
5.912000	0.086576
5.914000	0.084621
5.916000	0.082664
5.918000	0.080707
5.920000	0.078749
5.922000	0.076790
5.924000	0.074831
5.926000	0.072871
5.928000	0.070910
5.930000	0.068948
5.932000	0.066986
5.934000	0.065023
5.936000	0.063059
5.938000	0.061095
5.940000	0.059130
5.942000	0.057165
5.944000	0.055199
5.946000	0.053232
5.948000	0.051265
5.950000	0.049297
5.952000	0.047329
5.954000	0.045361
5.956000	0.043392
5.958000	0.041422
5.960000	0.039452
5.962000	0.037482
5.964000	0.035512
5.966000	0.033541
5.968000	0.031569
5.970000	0.029598
5.972000	0.027626
5.974000	0.025654
5.976000	0.023681
5.978000	0.021709
5.980000	0.019736
5.982000	0.017763
5.984000	0.015790
5.986000	0.013816
5.988000	0.011843
5.990000	0.009869
5.992000	0.007895
5.994000	0.005922
5.996000	0.003948
5.998000	0.001974
6.000000	0.000000
6.002000	-0.001974
6.004000	-0.003948
6.006000	-0.005922
6.008000	-0.007895
6.010000	-0.009869
6.012000	-0.011843
6.014000	-0.013816
6.016000	-0.015790
6.018000	-0.017763
6.020000	-0.019736
6.022000	-0.021709
6.024000	-0.023681
6.026000	-0.025654
6.028000	-0.027626
6.030000	-0.029598
6.032000	-0.031569
6.034000	-0.033541
6.036000	-0.035512
6.038000	-0.037482
6.040000	-0.039452
6.042000	-0.041422
6.044000	-0.043392
6.046000	-0.045361
6.048000	-0.047329
6.050000	-0.049297
6.052000	-0.051265
6.054000	-0.053232
6.056000	-0.055199
6.058000	-0.057165
6.060000	-0.059130
6.062000	-0.061095
6.064000	-0.063059
6.066000	-0.065023
6.068000	-0.066986
6.070000	-0.068948
6.072000	-0.070910
6.074000	-0.072871
6.076000	-0.074831
6.078000	-0.076790
6.080000	-0.078749
6.082000	-0.080707
6.084000	-0.082664
6.086000	-0.084621
6.088000	-0.086576
6.090000	-0.088531
6.092000	-0.090485
6.094000	-0.092438
6.096000	-0.094390
6.098000	-0.096341
6.100000	-0.098291
6.102000	-0.100240
6.104000	-0.102188
6.106000	-0.104135
6.108000	-0.106081
6.110000	-0.108026
6.112000	-0.109970
6.114000	-0.111913
6.116000	-0.113855
6.118000	-0.115796
6.120000	-0.117735
6.122000	-0.119674
6.124000	-0.121611
6.126000	-0.123547
6.128000	-0.125481
6.130000	-0.127415
6.132000	-0.129347
6.134000	-0.131278
6.136000	-0.133208
6.138000	-0.135136
6.140000	-0.137063
6.142000	-0.138989
6.144000	-0.140913
6.146000	-0.142836
6.148000	-0.144758
6.150000	-0.146678
6.152000	-0.148597
6.154000	-0.150514
6.156000	-0.152430
6.158000	-0.154344
6.160000	-0.156256
6.162000	-0.158168
6.164000	-0.160077
6.166000	-0.161985
6.168000	-0.163892
6.170000	-0.165796
6.172000	-0.167699
6.174000	-0.169601
6.176000	-0.171501
6.178000	-0.173399
6.180000	-0.175295
6.182000	-0.177190
6.184000	-0.179083
6.186000	-0.180974
6.188000	-0.182863
6.190000	-0.184751
6.192000	-0.186637
6.194000	-0.188521
6.196000	-0.190403
6.198000	-0.192283
6.200000	-0.194161
6.202000	-0.196037
6.204000	-0.197912
6.206000	-0.199784
6.208000	-0.201655
6.210000	-0.203523
6.212000	-0.205390
6.214000	-0.207254
6.216000	-0.209117
6.218000	-0.210977
6.220000	-0.212835
6.222000	-0.214691
6.224000	-0.216546
6.226000	-0.218397
6.228000	-0.220247
6.230000	-0.222095
6.232000	-0.223940
6.234000	-0.225783
6.236000	-0.227624
6.238000	-0.229463
6.240000	-0.231299
6.242000	-0.233134
6.244000	-0.234965
6.246000	-0.236795
6.248000	-0.238622
6.250000	-0.240447
6.252000	-0.242270
6.254000	-0.244090
6.256000	-0.245907
6.258000	-0.247723
6.260000	-0.249535
6.262000	-0.251346
6.264000	-0.253154
6.266000	-0.254959
6.268000	-0.256762
6.270000	-0.258562
6.272000	-0.260360
6.274000	-0.262155
6.276000	-0.263948
6.278000	-0.265738
6.280000	-0.267525
6.282000	-0.269310
6.284000	-0.271092
6.286000	-0.272871
6.288000	-0.274648
6.290000	-0.276422
6.292000	-0.278193
6.294000	-0.279962
6.296000	-0.281727
6.298000	-0.283490
6.300000	-0.285251
6.302000	-0.287008
6.304000	-0.288763
6.306000	-0.290514
6.308000	-0.292263
6.310000	-0.294009
6.312000	-0.295752
6.314000	-0.297492
6.316000	-0.299229
6.318000	-0.300964
6.320000	-0.302695
6.322000	-0.304423
6.324000	-0.306148
6.326000	-0.307871
6.328000	-0.309590
6.330000	-0.311306
6.332000	-0.313019
6.334000	-0.314729
6.336000	-0.316436
6.338000	-0.318140
6.340000	-0.319840
6.342000	-0.321538
6.344000	-0.323232
6.346000	-0.324923
6.348000	-0.326611
6.350000	-0.328296
6.352000	-0.329977
6.354000	-0.331655
6.356000	-0.333330
6.358000	-0.335002
6.360000	-0.336670
6.362000	-0.338335
6.364000	-0.339997
6.366000	-0.341655
6.368000	-0.343310
6.370000	-0.344961
6.372000	-0.346609
6.374000	-0.348254
6.376000	-0.349895
6.378000	-0.351533
6.380000	-0.353167
6.382000	-0.354798
6.384000	-0.356426
6.386000	-0.358049
6.388000	-0.359670
6.390000	-0.361286
6.392000	-0.362900
6.394000	-0.364509
6.396000	-0.366115
6.398000	-0.367718
6.400000	-0.369316
6.402000	-0.370911
6.404000	-0.372503
6.406000	-0.374091
6.408000	-0.375675
6.410000	-0.377255
6.412000	-0.378832
6.414000	-0.380405
6.416000	-0.381974
6.418000	-0.383539
6.420000	-0.385101
6.422000	-0.386659
6.424000	-0.388213
6.426000	-0.389763
6.428000	-0.391309
6.430000	-0.392852
6.432000	-0.394390
6.434000	-0.395925
6.436000	-0.397456
6.438000	-0.398982
6.440000	-0.400505
6.442000	-0.402024
6.444000	-0.403539
6.446000	-0.405050
6.448000	-0.406557
6.450000	-0.408060
6.452000	-0.409559
6.454000	-0.411054
6.456000	-0.412545
6.458000	-0.414032
6.460000	-0.415514
6.462000	-0.416993
6.464000	-0.418468
6.466000	-0.419938
6.468000	-0.421404
6.470000	-0.422866
6.472000	-0.424324
6.474000	-0.425778
6.476000	-0.427227
6.478000	-0.428673
6.480000	-0.430114
6.482000	-0.431550
6.484000	-0.432983
6.486000	-0.434411
6.488000	-0.435835
6.490000	-0.437255
6.492000	-0.438670
6.494000	-0.440081
6.496000	-0.441488
6.498000	-0.442890
6.500000	-0.444288
6.502000	-0.445682
6.504000	-0.447071
6.506000	-0.448456
6.508000	-0.449836
6.510000	-0.451212
6.512000	-0.452584
6.514000	-0.453950
6.516000	-0.455313
6.518000	-0.456671
6.520000	-0.458024
6.522000	-0.459373
6.524000	-0.460718
6.526000	-0.462058
6.528000	-0.463393
6.530000	-0.464724
6.532000	-0.466050
6.534000	-0.467372
6.536000	-0.468689
6.538000	-0.470001
6.540000	-0.471309
6.542000	-0.472612
6.544000	-0.473910
6.546000	-0.475204
6.548000	-0.476493
6.550000	-0.477777
6.552000	-0.479057
6.554000	-0.480332
6.556000	-0.481602
6.558000	-0.482867
6.560000	-0.484128
6.562000	-0.485384
6.564000	-0.486635
6.566000	-0.487881
6.568000	-0.489122
6.570000	-0.490359
6.572000	-0.491591
6.574000	-0.492818
6.576000	-0.494040
6.578000	-0.495257
6.580000	-0.496469
6.582000	-0.497676
6.584000	-0.498879
6.586000	-0.500076
6.588000	-0.501269
6.590000	-0.502457
6.592000	-0.503639
6.594000	-0.504817
6.596000	-0.505990
6.598000	-0.507158
6.600000	-0.508320
6.602000	-0.509478
6.604000	-0.510631
6.606000	-0.511778
6.608000	-0.512921
6.610000	-0.514059
6.612000	-0.515191
6.614000	-0.516318
6.616000	-0.517441
6.618000	-0.518558
6.620000	-0.519670
6.622000	-0.520777
6.624000	-0.521879
6.626000	-0.522975
6.628000	-0.524067
6.630000	-0.525153
6.632000	-0.526234
6.634000	-0.527310
6.636000	-0.528381
6.638000	-0.529447
6.640000	-0.530507
6.642000	-0.531562
6.644000	-0.532612
6.646000	-0.533656
6.648000	-0.534696
6.650000	-0.535730
6.652000	-0.536758
6.654000	-0.537782
6.656000	-0.538800
6.658000	-0.539813
6.660000	-0.540820
6.662000	-0.541822
6.664000	-0.542819
6.666000	-0.543811
6.668000	-0.544797
6.670000	-0.545777
6.672000	-0.546753
6.674000	-0.547722
6.676000	-0.548687
6.678000	-0.549646
6.680000	-0.550600
6.682000	-0.551548
6.684000	-0.552491
6.686000	-0.553428
6.688000	-0.554360
6.690000	-0.555286
6.692000	-0.556207
6.694000	-0.557123
6.696000	-0.558033
6.698000	-0.558937
6.700000	-0.559836
6.702000	-0.560729
6.704000	-0.561617
6.706000	-0.562499
6.708000	-0.563376
6.710000	-0.564247
6.712000	-0.565113
6.714000	-0.565973
6.716000	-0.566827
6.718000	-0.567676
6.720000	-0.568520
6.722000	-0.569357
6.724000	-0.570189
6.726000	-0.571016
6.728000	-0.571836
6.730000	-0.572652
6.732000	-0.573461
6.734000	-0.574265
6.736000	-0.575063
6.738000	-0.575855
6.740000	-0.576642
6.742000	-0.577423
6.744000	-0.578199
6.746000	-0.578968
6.748000	-0.579732
6.750000	-0.580491
6.752000	-0.581243
6.754000	-0.581990
6.756000	-0.582731
6.758000	-0.583466
6.760000	-0.584196
6.762000	-0.584920
6.764000	-0.585638
6.766000	-0.586350
6.768000	-0.587056
6.770000	-0.587757
6.772000	-0.588452
6.774000	-0.589141
6.776000	-0.589824
6.778000	-0.590501
6.780000	-0.591173
6.782000	-0.591839
6.784000	-0.592498
6.786000	-0.593152
6.788000	-0.593801
6.790000	-0.594443
6.792000	-0.595079
6.794000	-0.595710
6.796000	-0.596335
6.798000	-0.596954
6.800000	-0.597566
6.802000	-0.598173
6.804000	-0.598775
6.806000	-0.599370
6.808000	-0.599959
6.810000	-0.600542
6.812000	-0.601120
6.814000	-0.601691
6.816000	-0.602257
6.818000	-0.602817
6.820000	-0.603370
6.822000	-0.603918
6.824000	-0.604460
6.826000	-0.604996
6.828000	-0.605525
6.830000	-0.606049
6.832000	-0.606567
6.834000	-0.607079
6.836000	-0.607585
6.838000	-0.608085
6.840000	-0.608579
6.842000	-0.609067
6.844000	-0.609549
6.846000	-0.610024
6.848000	-0.610494
6.850000	-0.610958
6.852000	-0.611416
6.854000	-0.611868
6.856000	-0.612313
6.858000	-0.612753
6.860000	-0.613187
6.862000	-0.613614
6.864000	-0.614036
6.866000	-0.614451
6.868000	-0.614861
6.870000	-0.615264
6.872000	-0.615661
6.874000	-0.616052
6.876000	-0.616437
6.878000	-0.616816
6.880000	-0.617189
6.882000	-0.617556
6.884000	-0.617917
6.886000	-0.618271
6.888000	-0.618620
6.890000	-0.618962
6.892000	-0.619299
6.894000	-0.619629
6.896000	-0.619953
6.898000	-0.620271
6.900000	-0.620583
6.902000	-0.620889
6.904000	-0.621188
6.906000	-0.621482
6.908000	-0.621769
6.910000	-0.622050
6.912000	-0.622325
6.914000	-0.622594
6.916000	-0.622857
6.918000	-0.623114
6.920000	-0.623364
6.922000	-0.623608
6.924000	-0.623847
6.926000	-0.624079
6.928000	-0.624304
6.930000	-0.624524
6.932000	-0.624738
6.934000	-0.624945
6.936000	-0.625146
6.938000	-0.625341
6.940000	-0.625530
6.942000	-0.625713
6.944000	-0.625889
6.946000	-0.626060
6.948000	-0.626224
6.950000	-0.626382
6.952000	-0.626533
6.954000	-0.626679
6.956000	-0.626818
6.958000	-0.626952
6.960000	-0.627079
6.962000	-0.627200
6.964000	-0.627314
6.966000	-0.627423
6.968000	-0.627525
6.970000	-0.627621
6.972000	-0.627711
6.974000	-0.627795
6.976000	-0.627872
6.978000	-0.627943
6.980000	-0.628008
6.982000	-0.628067
6.984000	-0.628120
6.986000	-0.628167
6.988000	-0.628207
6.990000	-0.628241
6.992000	-0.628269
6.994000	-0.628291
6.996000	-0.628306
6.998000	-0.628315
7.000000	-0.628319
7.002000	-0.628315
7.004000	-0.628306
7.006000	-0.628291
7.008000	-0.628269
7.010000	-0.628241
7.012000	-0.628207
7.014000	-0.628167
7.016000	-0.628120
7.018000	-0.628067
7.020000	-0.628008
7.022000	-0.627943
7.024000	-0.627872
7.026000	-0.627795
7.028000	-0.627711
7.030000	-0.627621
7.032000	-0.627525
7.034000	-0.627423
7.036000	-0.627314
7.038000	-0.627200
7.040000	-0.627079
7.042000	-0.626952
7.044000	-0.626818
7.046000	-0.626679
7.048000	-0.626533
7.050000	-0.626382
7.052000	-0.626224
7.054000	-0.626060
7.056000	-0.625889
7.058000	-0.625713
7.060000	-0.625530
7.062000	-0.625341
7.064000	-0.625146
7.066000	-0.624945
7.068000	-0.624738
7.070000	-0.624524
7.072000	-0.624304
7.074000	-0.624079
7.076000	-0.623847
7.078000	-0.623608
7.080000	-0.623364
7.082000	-0.623114
7.084000	-0.622857
7.086000	-0.622594
7.088000	-0.622325
7.090000	-0.622050
7.092000	-0.621769
7.094000	-0.621482
7.096000	-0.621188
7.098000	-0.620889
7.100000	-0.620583
7.102000	-0.620271
7.104000	-0.619953
7.106000	-0.619629
7.108000	-0.619299
7.110000	-0.618962
7.112000	-0.618620
7.114000	-0.618271
7.116000	-0.617917
7.118000	-0.617556
7.120000	-0.617189
7.122000	-0.616816
7.124000	-0.616437
7.126000	-0.616052
7.128000	-0.615661
7.130000	-0.615264
7.132000	-0.614861
7.134000	-0.614451
7.136000	-0.614036
7.138000	-0.613614
7.140000	-0.613187
7.142000	-0.612753
7.144000	-0.612313
7.146000	-0.611868
7.148000	-0.611416
7.150000	-0.610958
7.152000	-0.610494
7.154000	-0.610024
7.156000	-0.609549
7.158000	-0.609067
7.160000	-0.608579
7.162000	-0.608085
7.164000	-0.607585
7.166000	-0.607079
7.168000	-0.606567
7.170000	-0.606049
7.172000	-0.605525
7.174000	-0.604996
7.176000	-0.604460
7.178000	-0.603918
7.180000	-0.603370
7.182000	-0.602817
7.184000	-0.602257
7.186000	-0.601691
7.188000	-0.601120
7.190000	-0.600542
7.192000	-0.599959
7.194000	-0.599370
7.196000	-0.598775
7.198000	-0.598173
7.200000	-0.597566
7.202000	-0.596954
7.204000	-0.596335
7.206000	-0.595710
7.208000	-0.595079
7.210000	-0.594443
7.212000	-0.593801
7.214000	-0.593152
7.216000	-0.592498
7.218000	-0.591839
7.220000	-0.591173
7.222000	-0.590501
7.224000	-0.589824
7.226000	-0.589141
7.228000	-0.588452
7.230000	-0.587757
7.232000	-0.587056
7.234000	-0.586350
7.236000	-0.585638
7.238000	-0.584920
7.240000	-0.584196
7.242000	-0.583466
7.244000	-0.582731
7.246000	-0.581990
7.248000	-0.581243
7.250000	-0.580491
7.252000	-0.579732
7.254000	-0.578968
7.256000	-0.578199
7.258000	-0.577423
7.260000	-0.576642
7.262000	-0.575855
7.264000	-0.575063
7.266000	-0.574265
7.268000	-0.573461
7.270000	-0.572652
7.272000	-0.571836
7.274000	-0.571016
7.276000	-0.570189
7.278000	-0.569357
7.280000	-0.568520
7.282000	-0.567676
7.284000	-0.566827
7.286000	-0.565973
7.288000	-0.565113
7.290000	-0.564247
7.292000	-0.563376
7.294000	-0.562499
7.296000	-0.561617
7.298000	-0.560729
7.300000	-0.559836
7.302000	-0.558937
7.304000	-0.558033
7.306000	-0.557123
7.308000	-0.556207
7.310000	-0.555286
7.312000	-0.554360
7.314000	-0.553428
7.316000	-0.552491
7.318000	-0.551548
7.320000	-0.550600
7.322000	-0.549646
7.324000	-0.548687
7.326000	-0.547722
7.328000	-0.546753
7.330000	-0.545777
7.332000	-0.544797
7.334000	-0.543811
7.336000	-0.542819
7.338000	-0.541822
7.340000	-0.540820
7.342000	-0.539813
7.344000	-0.538800
7.346000	-0.537782
7.348000	-0.536758
7.350000	-0.535730
7.352000	-0.534696
7.354000	-0.533656
7.356000	-0.532612
7.358000	-0.531562
7.360000	-0.530507
7.362000	-0.529447
7.364000	-0.528381
7.366000	-0.527310
7.368000	-0.526234
7.370000	-0.525153
7.372000	-0.524067
7.374000	-0.522975
7.376000	-0.521879
7.378000	-0.520777
7.380000	-0.519670
7.382000	-0.518558
7.384000	-0.517441
7.386000	-0.516318
7.388000	-0.515191
7.390000	-0.514059
7.392000	-0.512921
7.394000	-0.511778
7.396000	-0.510631
7.398000	-0.509478
7.400000	-0.508320
7.402000	-0.507158
7.404000	-0.505990
7.406000	-0.504817
7.408000	-0.503639
7.410000	-0.502457
7.412000	-0.501269
7.414000	-0.500076
7.416000	-0.498879
7.418000	-0.497676
7.420000	-0.496469
7.422000	-0.495257
7.424000	-0.494040
7.426000	-0.492818
7.428000	-0.491591
7.430000	-0.490359
7.432000	-0.489122
7.434000	-0.487881
7.436000	-0.486635
7.438000	-0.485384
7.440000	-0.484128
7.442000	-0.482867
7.444000	-0.481602
7.446000	-0.480332
7.448000	-0.479057
7.450000	-0.477777
7.452000	-0.476493
7.454000	-0.475204
7.456000	-0.473910
7.458000	-0.472612
7.460000	-0.471309
7.462000	-0.470001
7.464000	-0.468689
7.466000	-0.467372
7.468000	-0.466050
7.470000	-0.464724
7.472000	-0.463393
7.474000	-0.462058
7.476000	-0.460718
7.478000	-0.459373
7.480000	-0.458024
7.482000	-0.456671
7.484000	-0.455313
7.486000	-0.453950
7.488000	-0.452584
7.490000	-0.451212
7.492000	-0.449836
7.494000	-0.448456
7.496000	-0.447071
7.498000	-0.445682
7.500000	-0.444288
7.502000	-0.442890
7.504000	-0.441488
7.506000	-0.440081
7.508000	-0.438670
7.510000	-0.437255
7.512000	-0.435835
7.514000	-0.434411
7.516000	-0.432983
7.518000	-0.431550
7.520000	-0.430114
7.522000	-0.428673
7.524000	-0.427227
7.526000	-0.425778
7.528000	-0.424324
7.530000	-0.422866
7.532000	-0.421404
7.534000	-0.419938
7.536000	-0.418468
7.538000	-0.416993
7.540000	-0.415514
7.542000	-0.414032
7.544000	-0.412545
7.546000	-0.411054
7.548000	-0.409559
7.550000	-0.408060
7.552000	-0.406557
7.554000	-0.405050
7.556000	-0.403539
7.558000	-0.402024
7.560000	-0.400505
7.562000	-0.398982
7.564000	-0.397456
7.566000	-0.395925
7.568000	-0.394390
7.570000	-0.392852
7.572000	-0.391309
7.574000	-0.389763
7.576000	-0.388213
7.578000	-0.386659
7.580000	-0.385101
7.582000	-0.383539
7.584000	-0.381974
7.586000	-0.380405
7.588000	-0.378832
7.590000	-0.377255
7.592000	-0.375675
7.594000	-0.374091
7.596000	-0.372503
7.598000	-0.370911
7.600000	-0.369316
7.602000	-0.367718
7.604000	-0.366115
7.606000	-0.364509
7.608000	-0.362900
7.610000	-0.361286
7.612000	-0.359670
7.614000	-0.358049
7.616000	-0.356426
7.618000	-0.354798
7.620000	-0.353167
7.622000	-0.351533
7.624000	-0.349895
7.626000	-0.348254
7.628000	-0.346609
7.630000	-0.344961
7.632000	-0.343310
7.634000	-0.341655
7.636000	-0.339997
7.638000	-0.338335
7.640000	-0.336670
7.642000	-0.335002
7.644000	-0.333330
7.646000	-0.331655
7.648000	-0.329977
7.650000	-0.328296
7.652000	-0.326611
7.654000	-0.324923
7.656000	-0.323232
7.658000	-0.321538
7.660000	-0.319840
7.662000	-0.318140
7.664000	-0.316436
7.666000	-0.314729
7.668000	-0.313019
7.670000	-0.311306
7.672000	-0.309590
7.674000	-0.307871
7.676000	-0.306148
7.678000	-0.304423
7.680000	-0.302695
7.682000	-0.300964
7.684000	-0.299229
7.686000	-0.297492
7.688000	-0.295752
7.690000	-0.294009
7.692000	-0.292263
7.694000	-0.290514
7.696000	-0.288763
7.698000	-0.287008
7.700000	-0.285251
7.702000	-0.283490
7.704000	-0.281727
7.706000	-0.279962
7.708000	-0.278193
7.710000	-0.276422
7.712000	-0.274648
7.714000	-0.272871
7.716000	-0.271092
7.718000	-0.269310
7.720000	-0.267525
7.722000	-0.265738
7.724000	-0.263948
7.726000	-0.262155
7.728000	-0.260360
7.730000	-0.258562
7.732000	-0.256762
7.734000	-0.254959
7.736000	-0.253154
7.738000	-0.251346
7.740000	-0.249535
7.742000	-0.247723
7.744000	-0.245907
7.746000	-0.244090
7.748000	-0.242270
7.750000	-0.240447
7.752000	-0.238622
7.754000	-0.236795
7.756000	-0.234965
7.758000	-0.233134
7.760000	-0.231299
7.762000	-0.229463
7.764000	-0.227624
7.766000	-0.225783
7.768000	-0.223940
7.770000	-0.222095
7.772000	-0.220247
7.774000	-0.218397
7.776000	-0.216546
7.778000	-0.214691
7.780000	-0.212835
7.782000	-0.210977
7.784000	-0.209117
7.786000	-0.207254
7.788000	-0.205390
7.790000	-0.203523
7.792000	-0.201655
7.794000	-0.199784
7.796000	-0.197912
7.798000	-0.196037
7.800000	-0.194161
7.802000	-0.192283
7.804000	-0.190403
7.806000	-0.188521
7.808000	-0.186637
7.810000	-0.184751
7.812000	-0.182863
7.814000	-0.180974
7.816000	-0.179083
7.818000	-0.177190
7.820000	-0.175295
7.822000	-0.173399
7.824000	-0.171501
7.826000	-0.169601
7.828000	-0.167699
7.830000	-0.165796
7.832000	-0.163892
7.834000	-0.161985
7.836000	-0.160077
7.838000	-0.158168
7.840000	-0.156256
7.842000	-0.154344
7.844000	-0.152430
7.846000	-0.150514
7.848000	-0.148597
7.850000	-0.146678
7.852000	-0.144758
7.854000	-0.142836
7.856000	-0.140913
7.858000	-0.138989
7.860000	-0.137063
7.862000	-0.135136
7.864000	-0.133208
7.866000	-0.131278
7.868000	-0.129347
7.870000	-0.127415
7.872000	-0.125481
7.874000	-0.123547
7.876000	-0.121611
7.878000	-0.119674
7.880000	-0.117735
7.882000	-0.115796
7.884000	-0.113855
7.886000	-0.111913
7.888000	-0.109970
7.890000	-0.108026
7.892000	-0.106081
7.894000	-0.104135
7.896000	-0.102188
7.898000	-0.100240
7.900000	-0.098291
7.902000	-0.096341
7.904000	-0.094390
7.906000	-0.092438
7.908000	-0.090485
7.910000	-0.088531
7.912000	-0.086576
7.914000	-0.084621
7.916000	-0.082664
7.918000	-0.080707
7.920000	-0.078749
7.922000	-0.076790
7.924000	-0.074831
7.926000	-0.072871
7.928000	-0.070910
7.930000	-0.068948
7.932000	-0.066986
7.934000	-0.065023
7.936000	-0.063059
7.938000	-0.061095
7.940000	-0.059130
7.942000	-0.057165
7.944000	-0.055199
7.946000	-0.053232
7.948000	-0.051265
7.950000	-0.049297
7.952000	-0.047329
7.954000	-0.045361
7.956000	-0.043392
7.958000	-0.041422
7.960000	-0.039452
7.962000	-0.037482
7.964000	-0.035512
7.966000	-0.033541
7.968000	-0.031569
7.970000	-0.029598
7.972000	-0.027626
7.974000	-0.025654
7.976000	-0.023681
7.978000	-0.021709
7.980000	-0.019736
7.982000	-0.017763
7.984000	-0.015790
7.986000	-0.013816
7.988000	-0.011843
7.990000	-0.009869
7.992000	-0.007895
7.994000	-0.005922
7.996000	-0.003948
7.998000	-0.001974
8.000000	-0.000000
8.002000	0.001974
8.004000	0.003948
8.006000	0.005922
8.008000	0.007895
8.010000	0.009869
8.012000	0.011843
8.014000	0.013816
8.016000	0.015790
8.018000	0.017763
8.020000	0.019736
8.022000	0.021709
8.024000	0.023681
8.026000	0.025654
8.028000	0.027626
8.030000	0.029598
8.032000	0.031569
8.034000	0.033541
8.036000	0.035512
8.038000	0.037482
8.040000	0.039452
8.042000	0.041422
8.044000	0.043392
8.046000	0.045361
8.048000	0.047329
8.050000	0.049297
8.052000	0.051265
8.054000	0.053232
8.056000	0.055199
8.058000	0.057165
8.060000	0.059130
8.062000	0.061095
8.064000	0.063059
8.066000	0.065023
8.068000	0.066986
8.070000	0.068948
8.072000	0.070910
8.074000	0.072871
8.076000	0.074831
8.078000	0.076790
8.080000	0.078749
8.082000	0.080707
8.084000	0.082664
8.086000	0.084621
8.088000	0.086576
8.090000	0.088531
8.092000	0.090485
8.094000	0.092438
8.096000	0.094390
8.098000	0.096341
8.100000	0.098291
8.102000	0.100240
8.104000	0.102188
8.106000	0.104135
8.108000	0.106081
8.110000	0.108026
8.112000	0.109970
8.114000	0.111913
8.116000	0.113855
8.118000	0.115796
8.120000	0.117735
8.122000	0.119674
8.124000	0.121611
8.126000	0.123547
8.128000	0.125481
8.130000	0.127415
8.132000	0.129347
8.134000	0.131278
8.136000	0.133208
8.138000	0.135136
8.140000	0.137063
8.142000	0.138989
8.144000	0.140913
8.146000	0.142836
8.148000	0.144758
8.150000	0.146678
8.152000	0.148597
8.154000	0.150514
8.156000	0.152430
8.158000	0.154344
8.160000	0.156256
8.162000	0.158168
8.164000	0.160077
8.166000	0.161985
8.168000	0.163892
8.170000	0.165796
8.172000	0.167699
8.174000	0.169601
8.176000	0.171501
8.178000	0.173399
8.180000	0.175295
8.182000	0.177190
8.184000	0.179083
8.186000	0.180974
8.188000	0.182863
8.190000	0.184751
8.192000	0.186637
8.194000	0.188521
8.196000	0.190403
8.198000	0.192283
8.200000	0.194161
8.202000	0.196037
8.204000	0.197912
8.206000	0.199784
8.208000	0.201655
8.210000	0.203523
8.212000	0.205390
8.214000	0.207254
8.216000	0.209117
8.218000	0.210977
8.220000	0.212835
8.222000	0.214691
8.224000	0.216546
8.226000	0.218397
8.228000	0.220247
8.230000	0.222095
8.232000	0.223940
8.234000	0.225783
8.236000	0.227624
8.238000	0.229463
8.240000	0.231299
8.242000	0.233134
8.244000	0.234965
8.246000	0.236795
8.248000	0.238622
8.250000	0.240447
8.252000	0.242270
8.254000	0.244090
8.256000	0.245907
8.258000	0.247723
8.260000	0.249535
8.262000	0.251346
8.264000	0.253154
8.266000	0.254959
8.268000	0.256762
8.270000	0.258562
8.272000	0.260360
8.274000	0.262155
8.276000	0.263948
8.278000	0.265738
8.280000	0.267525
8.282000	0.269310
8.284000	0.271092
8.286000	0.272871
8.288000	0.274648
8.290000	0.276422
8.292000	0.278193
8.294000	0.279962
8.296000	0.281727
8.298000	0.283490
8.300000	0.285251
8.302000	0.287008
8.304000	0.288763
8.306000	0.290514
8.308000	0.292263
8.310000	0.294009
8.312000	0.295752
8.314000	0.297492
8.316000	0.299229
8.318000	0.300964
8.320000	0.302695
8.322000	0.304423
8.324000	0.306148
8.326000	0.307871
8.328000	0.309590
8.330000	0.311306
8.332000	0.313019
8.334000	0.314729
8.336000	0.316436
8.338000	0.318140
8.340000	0.319840
8.342000	0.321538
8.344000	0.323232
8.346000	0.324923
8.348000	0.326611
8.350000	0.328296
8.352000	0.329977
8.354000	0.331655
8.356000	0.333330
8.358000	0.335002
8.360000	0.336670
8.362000	0.338335
8.364000	0.339997
8.366000	0.341655
8.368000	0.343310
8.370000	0.344961
8.372000	0.346609
8.374000	0.348254
8.376000	0.349895
8.378000	0.351533
8.380000	0.353167
8.382000	0.354798
8.384000	0.356426
8.386000	0.358049
8.388000	0.359670
8.390000	0.361286
8.392000	0.362900
8.394000	0.364509
8.396000	0.366115
8.398000	0.367718
8.400000	0.369316
8.402000	0.370911
8.404000	0.372503
8.406000	0.374091
8.408000	0.375675
8.410000	0.377255
8.412000	0.378832
8.414000	0.380405
8.416000	0.381974
8.418000	0.383539
8.420000	0.385101
8.422000	0.386659
8.424000	0.388213
8.426000	0.389763
8.428000	0.391309
8.430000	0.392852
8.432000	0.394390
8.434000	0.395925
8.436000	0.397456
8.438000	0.398982
8.440000	0.400505
8.442000	0.402024
8.444000	0.403539
8.446000	0.405050
8.448000	0.406557
8.450000	0.408060
8.452000	0.409559
8.454000	0.411054
8.456000	0.412545
8.458000	0.414032
8.460000	0.415514
8.462000	0.416993
8.464000	0.418468
8.466000	0.419938
8.468000	0.421404
8.470000	0.422866
8.472000	0.424324
8.474000	0.425778
8.476000	0.427227
8.478000	0.428673
8.480000	0.430114
8.482000	0.431550
8.484000	0.432983
8.486000	0.434411
8.488000	0.435835
8.490000	0.437255
8.492000	0.438670
8.494000	0.440081
8.496000	0.441488
8.498000	0.442890
8.500000	0.444288
8.502000	0.445682
8.504000	0.447071
8.506000	0.448456
8.508000	0.449836
8.510000	0.451212
8.512000	0.452584
8.514000	0.453950
8.516000	0.455313
8.518000	0.456671
8.520000	0.458024
8.522000	0.459373
8.524000	0.460718
8.526000	0.462058
8.528000	0.463393
8.530000	0.464724
8.532000	0.466050
8.534000	0.467372
8.536000	0.468689
8.538000	0.470001
8.540000	0.471309
8.542000	0.472612
8.544000	0.473910
8.546000	0.475204
8.548000	0.476493
8.550000	0.477777
8.552000	0.479057
8.554000	0.480332
8.556000	0.481602
8.558000	0.482867
8.560000	0.484128
8.562000	0.485384
8.564000	0.486635
8.566000	0.487881
8.568000	0.489122
8.570000	0.490359
8.572000	0.491591
8.574000	0.492818
8.576000	0.494040
8.578000	0.495257
8.580000	0.496469
8.582000	0.497676
8.584000	0.498879
8.586000	0.500076
8.588000	0.501269
8.590000	0.502457
8.592000	0.503639
8.594000	0.504817
8.596000	0.505990
8.598000	0.507158
8.600000	0.508320
8.602000	0.509478
8.604000	0.510631
8.606000	0.511778
8.608000	0.512921
8.610000	0.514059
8.612000	0.515191
8.614000	0.516318
8.616000	0.517441
8.618000	0.518558
8.620000	0.519670
8.622000	0.520777
8.624000	0.521879
8.626000	0.522975
8.628000	0.524067
8.630000	0.525153
8.632000	0.526234
8.634000	0.527310
8.636000	0.528381
8.638000	0.529447
8.640000	0.530507
8.642000	0.531562
8.644000	0.532612
8.646000	0.533656
8.648000	0.534696
8.650000	0.535730
8.652000	0.536758
8.654000	0.537782
8.656000	0.538800
8.658000	0.539813
8.660000	0.540820
8.662000	0.541822
8.664000	0.542819
8.666000	0.543811
8.668000	0.544797
8.670000	0.545777
8.672000	0.546753
8.674000	0.547722
8.676000	0.548687
8.678000	0.549646
8.680000	0.550600
8.682000	0.551548
8.684000	0.552491
8.686000	0.553428
8.688000	0.554360
8.690000	0.555286
8.692000	0.556207
8.694000	0.557123
8.696000	0.558033
8.698000	0.558937
8.700000	0.559836
8.702000	0.560729
8.704000	0.561617
8.706000	0.562499
8.708000	0.563376
8.710000	0.564247
8.712000	0.565113
8.714000	0.565973
8.716000	0.566827
8.718000	0.567676
8.720000	0.568520
8.722000	0.569357
8.724000	0.570189
8.726000	0.571016
8.728000	0.571836
8.730000	0.572652
8.732000	0.573461
8.734000	0.574265
8.736000	0.575063
8.738000	0.575855
8.740000	0.576642
8.742000	0.577423
8.744000	0.578199
8.746000	0.578968
8.748000	0.579732
8.750000	0.580491
8.752000	0.581243
8.754000	0.581990
8.756000	0.582731
8.758000	0.583466
8.760000	0.584196
8.762000	0.584920
8.764000	0.585638
8.766000	0.586350
8.768000	0.587056
8.770000	0.587757
8.772000	0.588452
8.774000	0.589141
8.776000	0.589824
8.778000	0.590501
8.780000	0.591173
8.782000	0.591839
8.784000	0.592498
8.786000	0.593152
8.788000	0.593801
8.790000	0.594443
8.792000	0.595079
8.794000	0.595710
8.796000	0.596335
8.798000	0.596954
8.800000	0.597566
8.802000	0.598173
8.804000	0.598775
8.806000	0.599370
8.808000	0.599959
8.810000	0.600542
8.812000	0.601120
8.814000	0.601691
8.816000	0.602257
8.818000	0.602817
8.820000	0.603370
8.822000	0.603918
8.824000	0.604460
8.826000	0.604996
8.828000	0.605525
8.830000	0.606049
8.832000	0.606567
8.834000	0.607079
8.836000	0.607585
8.838000	0.608085
8.840000	0.608579
8.842000	0.609067
8.844000	0.609549
8.846000	0.610024
8.848000	0.610494
8.850000	0.610958
8.852000	0.611416
8.854000	0.611868
8.856000	0.612313
8.858000	0.612753
8.860000	0.613187
8.862000	0.613614
8.864000	0.614036
8.866000	0.614451
8.868000	0.614861
8.870000	0.615264
8.872000	0.615661
8.874000	0.616052
8.876000	0.616437
8.878000	0.616816
8.880000	0.617189
8.882000	0.617556
8.884000	0.617917
8.886000	0.618271
8.888000	0.618620
8.890000	0.618962
8.892000	0.619299
8.894000	0.619629
8.896000	0.619953
8.898000	0.620271
8.900000	0.620583
8.902000	0.620889
8.904000	0.621188
8.906000	0.621482
8.908000	0.621769
8.910000	0.622050
8.912000	0.622325
8.914000	0.622594
8.916000	0.622857
8.918000	0.623114
8.920000	0.623364
8.922000	0.623608
8.924000	0.623847
8.926000	0.624079
8.928000	0.624304
8.930000	0.624524
8.932000	0.624738
8.934000	0.624945
8.936000	0.625146
8.938000	0.625341
8.940000	0.625530
8.942000	0.625713
8.944000	0.625889
8.946000	0.626060
8.948000	0.626224
8.950000	0.626382
8.952000	0.626533
8.954000	0.626679
8.956000	0.626818
8.958000	0.626952
8.960000	0.627079
8.962000	0.627200
8.964000	0.627314
8.966000	0.627423
8.968000	0.627525
8.970000	0.627621
8.972000	0.627711
8.974000	0.627795
8.976000	0.627872
8.978000	0.627943
8.980000	0.628008
8.982000	0.628067
8.984000	0.628120
8.986000	0.628167
8.988000	0.628207
8.990000	0.628241
8.992000	0.628269
8.994000	0.628291
8.996000	0.628306
8.998000	0.628315
9.000000	0.628319
9.002000	0.628315
9.004000	0.628306
9.006000	0.628291
9.008000	0.628269
9.010000	0.628241
9.012000	0.628207
9.014000	0.628167
9.016000	0.628120
9.018000	0.628067
9.020000	0.628008
9.022000	0.627943
9.024000	0.627872
9.026000	0.627795
9.028000	0.627711
9.030000	0.627621
9.032000	0.627525
9.034000	0.627423
9.036000	0.627314
9.038000	0.627200
9.040000	0.627079
9.042000	0.626952
9.044000	0.626818
9.046000	0.626679
9.048000	0.626533
9.050000	0.626382
9.052000	0.626224
9.054000	0.626060
9.056000	0.625889
9.058000	0.625713
9.060000	0.625530
9.062000	0.625341
9.064000	0.625146
9.066000	0.624945
9.068000	0.624738
9.070000	0.624524
9.072000	0.624304
9.074000	0.624079
9.076000	0.623847
9.078000	0.623608
9.080000	0.623364
9.082000	0.623114
9.084000	0.622857
9.086000	0.622594
9.088000	0.622325
9.090000	0.622050
9.092000	0.621769
9.094000	0.621482
9.096000	0.621188
9.098000	0.620889
9.100000	0.620583
9.102000	0.620271
9.104000	0.619953
9.106000	0.619629
9.108000	0.619299
9.110000	0.618962
9.112000	0.618620
9.114000	0.618271
9.116000	0.617917
9.118000	0.617556
9.120000	0.617189
9.122000	0.616816
9.124000	0.616437
9.126000	0.616052
9.128000	0.615661
9.130000	0.615264
9.132000	0.614861
9.134000	0.614451
9.136000	0.614036
9.138000	0.613614
9.140000	0.613187
9.142000	0.612753
9.144000	0.612313
9.146000	0.611868
9.148000	0.611416
9.150000	0.610958
9.152000	0.610494
9.154000	0.610024
9.156000	0.609549
9.158000	0.609067
9.160000	0.608579
9.162000	0.608085
9.164000	0.607585
9.166000	0.607079
9.168000	0.606567
9.170000	0.606049
9.172000	0.605525
9.174000	0.604996
9.176000	0.604460
9.178000	0.603918
9.180000	0.603370
9.182000	0.602817
9.184000	0.602257
9.186000	0.601691
9.188000	0.601120
9.190000	0.600542
9.192000	0.599959
9.194000	0.599370
9.196000	0.598775
9.198000	0.598173
9.200000	0.597566
9.202000	0.596954
9.204000	0.596335
9.206000	0.595710
9.208000	0.595079
9.210000	0.594443
9.212000	0.593801
9.214000	0.593152
9.216000	0.592498
9.218000	0.591839
9.220000	0.591173
9.222000	0.590501
9.224000	0.589824
9.226000	0.589141
9.228000	0.588452
9.230000	0.587757
9.232000	0.587056
9.234000	0.586350
9.236000	0.585638
9.238000	0.584920
9.240000	0.584196
9.242000	0.583466
9.244000	0.582731
9.246000	0.581990
9.248000	0.581243
9.250000	0.580491
9.252000	0.579732
9.254000	0.578968
9.256000	0.578199
9.258000	0.577423
9.260000	0.576642
9.262000	0.575855
9.264000	0.575063
9.266000	0.574265
9.268000	0.573461
9.270000	0.572652
9.272000	0.571836
9.274000	0.571016
9.276000	0.570189
9.278000	0.569357
9.280000	0.568520
9.282000	0.567676
9.284000	0.566827
9.286000	0.565973
9.288000	0.565113
9.290000	0.564247
9.292000	0.563376
9.294000	0.562499
9.296000	0.561617
9.298000	0.560729
9.300000	0.559836
9.302000	0.558937
9.304000	0.558033
9.306000	0.557123
9.308000	0.556207
9.310000	0.555286
9.312000	0.554360
9.314000	0.553428
9.316000	0.552491
9.318000	0.551548
9.320000	0.550600
9.322000	0.549646
9.324000	0.548687
9.326000	0.547722
9.328000	0.546753
9.330000	0.545777
9.332000	0.544797
9.334000	0.543811
9.336000	0.542819
9.338000	0.541822
9.340000	0.540820
9.342000	0.539813
9.344000	0.538800
9.346000	0.537782
9.348000	0.536758
9.350000	0.535730
9.352000	0.534696
9.354000	0.533656
9.356000	0.532612
9.358000	0.531562
9.360000	0.530507
9.362000	0.529447
9.364000	0.528381
9.366000	0.527310
9.368000	0.526234
9.370000	0.525153
9.372000	0.524067
9.374000	0.522975
9.376000	0.521879
9.378000	0.520777
9.380000	0.519670
9.382000	0.518558
9.384000	0.517441
9.386000	0.516318
9.388000	0.515191
9.390000	0.514059
9.392000	0.512921
9.394000	0.511778
9.396000	0.510631
9.398000	0.509478
9.400000	0.508320
9.402000	0.507158
9.404000	0.505990
9.406000	0.504817
9.408000	0.503639
9.410000	0.502457
9.412000	0.501269
9.414000	0.500076
9.416000	0.498879
9.418000	0.497676
9.420000	0.496469
9.422000	0.495257
9.424000	0.494040
9.426000	0.492818
9.428000	0.491591
9.430000	0.490359
9.432000	0.489122
9.434000	0.487881
9.436000	0.486635
9.438000	0.485384
9.440000	0.484128
9.442000	0.482867
9.444000	0.481602
9.446000	0.480332
9.448000	0.479057
9.450000	0.477777
9.452000	0.476493
9.454000	0.475204
9.456000	0.473910
9.458000	0.472612
9.460000	0.471309
9.462000	0.470001
9.464000	0.468689
9.466000	0.467372
9.468000	0.466050
9.470000	0.464724
9.472000	0.463393
9.474000	0.462058
9.476000	0.460718
9.478000	0.459373
9.480000	0.458024
9.482000	0.456671
9.484000	0.455313
9.486000	0.453950
9.488000	0.452584
9.490000	0.451212
9.492000	0.449836
9.494000	0.448456
9.496000	0.447071
9.498000	0.445682
9.500000	0.444288
9.502000	0.442890
9.504000	0.441488
9.506000	0.440081
9.508000	0.438670
9.510000	0.437255
9.512000	0.435835
9.514000	0.434411
9.516000	0.432983
9.518000	0.431550
9.520000	0.430114
9.522000	0.428673
9.524000	0.427227
9.526000	0.425778
9.528000	0.424324
9.530000	0.422866
9.532000	0.421404
9.534000	0.419938
9.536000	0.418468
9.538000	0.416993
9.540000	0.415514
9.542000	0.414032
9.544000	0.412545
9.546000	0.411054
9.548000	0.409559
9.550000	0.408060
9.552000	0.406557
9.554000	0.405050
9.556000	0.403539
9.558000	0.402024
9.560000	0.400505
9.562000	0.398982
9.564000	0.397456
9.566000	0.395925
9.568000	0.394390
9.570000	0.392852
9.572000	0.391309
9.574000	0.389763
9.576000	0.388213
9.578000	0.386659
9.580000	0.385101
9.582000	0.383539
9.584000	0.381974
9.586000	0.380405
9.588000	0.378832
9.590000	0.377255
9.592000	0.375675
9.594000	0.374091
9.596000	0.372503
9.598000	0.370911
9.600000	0.369316
9.602000	0.367718
9.604000	0.366115
9.606000	0.364509
9.608000	0.362900
9.610000	0.361286
9.612000	0.359670
9.614000	0.358049
9.616000	0.356426
9.618000	0.354798
9.620000	0.353167
9.622000	0.351533
9.624000	0.349895
9.626000	0.348254
9.628000	0.346609
9.630000	0.344961
9.632000	0.343310
9.634000	0.341655
9.636000	0.339997
9.638000	0.338335
9.640000	0.336670
9.642000	0.335002
9.644000	0.333330
9.646000	0.331655
9.648000	0.329977
9.650000	0.328296
9.652000	0.326611
9.654000	0.324923
9.656000	0.323232
9.658000	0.321538
9.660000	0.319840
9.662000	0.318140
9.664000	0.316436
9.666000	0.314729
9.668000	0.313019
9.670000	0.311306
9.672000	0.309590
9.674000	0.307871
9.676000	0.306148
9.678000	0.304423
9.680000	0.302695
9.682000	0.300964
9.684000	0.299229
9.686000	0.297492
9.688000	0.295752
9.690000	0.294009
9.692000	0.292263
9.694000	0.290514
9.696000	0.288763
9.698000	0.287008
9.700000	0.285251
9.702000	0.283490
9.704000	0.281727
9.706000	0.279962
9.708000	0.278193
9.710000	0.276422
9.712000	0.274648
9.714000	0.272871
9.716000	0.271092
9.718000	0.269310
9.720000	0.267525
9.722000	0.265738
9.724000	0.263948
9.726000	0.262155
9.728000	0.260360
9.730000	0.258562
9.732000	0.256762
9.734000	0.254959
9.736000	0.253154
9.738000	0.251346
9.740000	0.249535
9.742000	0.247723
9.744000	0.245907
9.746000	0.244090
9.748000	0.242270
9.750000	0.240447
9.752000	0.238622
9.754000	0.236795
9.756000	0.234965
9.758000	0.233134
9.760000	0.231299
9.762000	0.229463
9.764000	0.227624
9.766000	0.225783
9.768000	0.223940
9.770000	0.222095
9.772000	0.220247
9.774000	0.218397
9.776000	0.216546
9.778000	0.214691
9.780000	0.212835
9.782000	0.210977
9.784000	0.209117
9.786000	0.207254
9.788000	0.205390
9.790000	0.203523
9.792000	0.201655
9.794000	0.199784
9.796000	0.197912
9.798000	0.196037
9.800000	0.194161
9.802000	0.192283
9.804000	0.190403
9.806000	0.188521
9.808000	0.186637
9.810000	0.184751
9.812000	0.182863
9.814000	0.180974
9.816000	0.179083
9.818000	0.177190
9.820000	0.175295
9.822000	0.173399
9.824000	0.171501
9.826000	0.169601
9.828000	0.167699
9.830000	0.165796
9.832000	0.163892
9.834000	0.161985
9.836000	0.160077
9.838000	0.158168
9.840000	0.156256
9.842000	0.154344
9.844000	0.152430
9.846000	0.150514
9.848000	0.148597
9.850000	0.146678
9.852000	0.144758
9.854000	0.142836
9.856000	0.140913
9.858000	0.138989
9.860000	0.137063
9.862000	0.135136
9.864000	0.133208
9.866000	0.131278
9.868000	0.129347
9.870000	0.127415
9.872000	0.125481
9.874000	0.123547
9.876000	0.121611
9.878000	0.119674
9.880000	0.117735
9.882000	0.115796
9.884000	0.113855
9.886000	0.111913
9.888000	0.109970
9.890000	0.108026
9.892000	0.106081
9.894000	0.104135
9.896000	0.102188
9.898000	0.100240
9.900000	0.098291
9.902000	0.096341
9.904000	0.094390
9.906000	0.092438
9.908000	0.090485
9.910000	0.088531
9.912000	0.086576
9.914000	0.084621
9.916000	0.082664
9.918000	0.080707
9.920000	0.078749
9.922000	0.076790
9.924000	0.074831
9.926000	0.072871
9.928000	0.070910
9.930000	0.068948
9.932000	0.066986
9.934000	0.065023
9.936000	0.063059
9.938000	0.061095
9.940000	0.059130
9.942000	0.057165
9.944000	0.055199
9.946000	0.053232
9.948000	0.051265
9.950000	0.049297
9.952000	0.047329
9.954000	0.045361
9.956000	0.043392
9.958000	0.041422
9.960000	0.039452
9.962000	0.037482
9.964000	0.035512
9.966000	0.033541
9.968000	0.031569
9.970000	0.029598
9.972000	0.027626
9.974000	0.025654
9.976000	0.023681
9.978000	0.021709
9.980000	0.019736
9.982000	0.017763
9.984000	0.015790
9.986000	0.013816
9.988000	0.011843
9.990000	0.009869
9.992000	0.007895
9.994000	0.005922
9.996000	0.003948
9.998000	0.001974
10.000000	0.000000
